250821-1304 250821-1304_0_0 1760623699 50 1.000 0.000 5.000 0.000 7.000 0.000 5.000 0.100 0.000 0.000 0.000 0.000 0.000 0.000 0.000 0.000 
250821-1304 250821-1304_0_0 23.602 0.031 38.3100 38.3575 0.6 13.3 23.60 111.94 
250821-1304 250821-1304_0_1 23.621 0.016 38.2762 38.3204 0.3 12.3 23.73 112.74 
250821-1304 250821-1304_0_2 23.508 0.027 38.2951 38.3440 0.8 10.7 23.60 109.50 
250821-1304 250821-1304_0_3 23.684 0.022 38.3237 38.3685 0.2 8.1 23.66 111.97 
250821-1304 250821-1304_0_4 23.672 0.029 38.2675 38.3102 0.8 11.6 23.80 110.20 
250821-1304 250821-1304_0_5 23.582 0.014 38.3127 38.3624 0.2 8.8 23.60 109.57 
250821-1304 250821-1304_0_6 23.867 0.004 38.2413 38.2801 0.8 9.5 23.88 110.97 
250821-1304 250821-1304_0_7 23.098 0.018 38.2572 38.3219 0.4 9.7 23.14 111.36 
250821-1304 250821-1304_0_8 23.121 0.026 38.2891 38.3502 0.6 10.8 23.32 109.29 
250821-1304 250821-1304_0_9 23.430 0.025 38.3090 38.3607 0.8 13.4 23.53 108.44 
250821-1304 250821-1304_0_10 23.730 0.006 38.3220 38.3652 0.3 12.2 23.74 108.52 
250821-1304 250821-1304_0_11 23.727 0.031 38.2892 38.3290 0.8 11.3 23.89 109.17 
250821-1304 250821-1304_0_12 23.777 0.030 38.3210 38.3579 0.3 11.7 23.97 109.78 
250821-1304 250821-1304_0_13 23.898 0.010 38.2781 38.3148 0.8 13.3 23.92 109.69 
250821-1304 250821-1304_0_14 23.461 0.011 38.2410 38.2933 0.3 11.8 23.48 111.31 
250821-1304 250821-1304_0_15 23.461 0.016 38.2528 38.3038 0.7 13.7 23.59 109.13 
250821-1304 250821-1304_0_16 23.719 0.031 38.2626 38.3019 0.4 15.8 23.88 110.71 
250821-1304 250821-1304_0_17 23.684 0.005 38.2587 38.3035 0.3 11.3 23.69 110.39 
250821-1304 250821-1304_0_18 23.684 0.014 38.2444 38.2865 0.8 10.7 23.80 109.36 
250821-1304 250821-1304_0_19 23.383 0.033 38.3327 38.3828 0.4 12.2 23.60 108.89 
250821-1304 250821-1304_1_0 23.602 0.031 38.3199 38.3675 0.3 11.8 23.60 111.29 
250821-1304 250821-1304_1_1 23.602 0.037 38.2857 38.3290 0.6 10.4 23.79 112.72 
250821-1304 250821-1304_1_2 23.508 0.027 38.3022 38.3511 0.8 12.7 23.60 109.52 
250821-1304 250821-1304_1_3 23.711 0.000 38.2886 38.3324 0.3 12.5 23.70 111.26 
250821-1304 250821-1304_1_4 23.672 0.029 38.3069 38.3496 0.8 11.8 23.80 110.01 
250821-1304 250821-1304_1_5 23.574 0.010 38.3096 38.3563 0.3 9.4 23.69 110.87 
250821-1304 250821-1304_1_6 23.867 0.004 38.2560 38.2948 0.8 9.7 23.87 111.16 
250821-1304 250821-1304_1_7 23.109 0.004 38.2524 38.3167 0.3 9.2 23.15 111.42 
250821-1304 250821-1304_1_8 23.125 0.026 38.2979 38.3588 0.7 10.3 23.31 109.89 
250821-1304 250821-1304_1_9 23.398 0.059 38.3027 38.3497 0.4 12.1 23.68 109.72 
250821-1304 250821-1304_1_10 23.738 0.006 38.2637 38.3066 0.3 11.5 23.74 110.98 
250821-1304 250821-1304_1_11 23.738 0.010 38.3323 38.3731 0.8 12.3 23.84 109.16 
250821-1304 250821-1304_1_12 23.777 0.032 38.3215 38.3585 0.2 9.7 23.96 110.24 
250821-1304 250821-1304_1_13 23.883 0.035 38.2582 38.2938 0.8 11.2 23.95 109.19 
250821-1304 250821-1304_1_14 23.465 0.012 38.2331 38.2853 0.3 11.4 23.48 109.57 
250821-1304 250821-1304_1_15 23.480 0.006 38.2650 38.3167 0.8 11.7 23.55 109.95 
250821-1304 250821-1304_1_16 23.719 0.031 38.3082 38.3476 0.3 11.1 23.88 107.83 
250821-1304 250821-1304_1_17 23.676 0.022 38.2573 38.3008 0.6 10.7 23.75 109.91 
250821-1304 250821-1304_1_18 23.684 0.014 38.2622 38.3041 0.8 14.6 23.80 108.33 
250821-1304 250821-1304_1_19 23.406 0.012 38.3252 38.3775 0.3 10.6 23.52 108.99 
250821-1304 250821-1304_2_0 23.613 0.016 38.3116 38.3588 0.3 10.9 23.62 110.50 
250821-1304 250821-1304_2_1 23.602 0.035 38.3243 38.3674 0.8 12.2 23.78 111.07 
250821-1304 250821-1304_2_2 23.492 0.055 38.3136 38.3579 0.4 14.1 23.77 109.25 
250821-1304 250821-1304_2_3 23.711 0.003 38.3124 38.3562 0.2 9.3 23.70 109.36 
250821-1304 250821-1304_2_4 23.695 0.010 38.3388 38.3821 0.8 12.3 23.76 110.44 
250821-1304 250821-1304_2_5 23.574 0.007 38.2652 38.3118 0.3 9.4 23.70 110.20 
250821-1304 250821-1304_2_6 23.852 0.015 38.2683 38.3062 0.8 11.4 23.89 110.97 
250821-1304 250821-1304_2_7 23.113 0.003 38.2849 38.3490 0.3 11.6 23.16 111.40 
250821-1304 250821-1304_2_8 23.145 0.003 38.2915 38.3531 0.8 9.6 23.29 109.32 
250821-1304 250821-1304_2_9 23.402 0.059 38.2999 38.3469 0.3 12.4 23.69 110.58 
250821-1304 250821-1304_2_10 23.727 0.019 38.2780 38.3200 0.6 12.8 23.79 110.97 
250821-1304 250821-1304_2_11 23.812 0.000 38.3252 38.3653 0.7 16.6 23.81 109.02 
250821-1304 250821-1304_2_12 23.797 0.008 38.2693 38.3089 0.3 10.1 23.88 111.79 
250821-1304 250821-1304_2_13 23.887 0.031 38.2827 38.3185 0.8 13.8 23.95 110.18 
250821-1304 250821-1304_2_14 23.445 0.012 38.2426 38.2955 0.3 13.8 23.47 110.26 
250821-1304 250821-1304_2_15 23.480 0.006 38.2599 38.3116 0.8 10.5 23.55 109.33 
250821-1304 250821-1304_2_16 23.719 0.015 38.3344 38.3762 0.3 11.1 23.80 108.11 
250821-1304 250821-1304_2_17 23.676 0.024 38.2820 38.3254 0.8 11.3 23.74 110.14 
250821-1304 250821-1304_2_18 23.352 0.027 38.2621 38.3182 0.5 14.7 23.39 107.01 
250821-1304 250821-1304_2_19 23.406 0.012 38.3246 38.3769 0.3 9.6 23.52 109.18 
250821-1304 250821-1304_3_0 23.617 0.015 38.3343 38.3814 0.3 12.6 23.62 109.25 
250821-1304 250821-1304_3_1 23.621 0.018 38.3011 38.3450 0.8 10.5 23.74 111.58 
250821-1304 250821-1304_3_2 23.492 0.055 38.3217 38.3658 0.3 12.0 23.77 108.99 
250821-1304 250821-1304_3_3 23.680 0.024 38.2989 38.3421 0.6 11.8 23.73 110.31 
250821-1304 250821-1304_3_4 23.695 0.010 38.2885 38.3318 0.8 11.8 23.77 110.26 
250821-1304 250821-1304_3_5 23.578 0.011 38.2634 38.3128 0.3 11.0 23.61 109.73 
250821-1304 250821-1304_3_6 23.852 0.018 38.2652 38.3030 0.8 10.6 23.89 110.85 
250821-1304 250821-1304_3_7 23.102 0.015 38.3179 38.3824 0.2 13.1 23.14 111.18 
250821-1304 250821-1304_3_8 23.145 0.006 38.2728 38.3342 0.7 10.8 23.30 109.48 
250821-1304 250821-1304_3_9 23.434 0.029 38.3020 38.3518 0.2 11.5 23.60 111.14 
250821-1304 250821-1304_3_10 23.727 0.023 38.2777 38.3195 0.8 10.8 23.80 111.73 
250821-1304 250821-1304_3_11 23.758 0.027 38.2720 38.3142 0.5 11.9 23.79 110.05 
250821-1304 250821-1304_3_12 23.801 0.009 38.2849 38.3244 0.3 10.1 23.88 111.28 
250821-1304 250821-1304_3_13 23.898 0.016 38.2954 38.3318 0.8 10.3 23.93 109.69 
250821-1304 250821-1304_3_14 23.449 0.010 38.2515 38.3042 0.4 11.0 23.46 111.10 
250821-1304 250821-1304_3_15 23.461 0.018 38.3162 38.3668 0.8 10.5 23.59 108.12 
250821-1304 250821-1304_3_16 23.719 0.015 38.3568 38.3986 0.4 9.6 23.80 108.08 
250821-1304 250821-1304_3_17 23.688 0.006 38.3035 38.3479 0.8 11.7 23.72 109.66 
250821-1304 250821-1304_3_18 23.352 0.029 38.2542 38.3103 0.3 15.3 23.40 106.97 
250821-1304 250821-1304_3_19 23.383 0.033 38.3057 38.3580 0.7 11.1 23.56 109.42 
250821-1304 250821-1304_4_0 23.605 0.029 38.3268 38.3742 0.3 12.1 23.60 109.40 
250821-1304 250821-1304_4_1 23.617 0.019 38.2971 38.3411 0.8 11.4 23.75 111.07 
250821-1304 250821-1304_4_2 23.512 0.027 38.3219 38.3690 0.2 11.6 23.68 107.99 
250821-1304 250821-1304_4_3 23.684 0.022 38.3048 38.3481 0.7 12.4 23.73 109.96 
250821-1304 250821-1304_4_4 23.574 0.006 38.2449 38.2933 0.6 10.4 23.58 112.51 
250821-1304 250821-1304_4_5 23.578 0.011 38.3041 38.3534 0.3 12.0 23.61 109.11 
250821-1304 250821-1304_4_6 23.867 0.000 38.2448 38.2833 0.8 11.0 23.87 110.09 
250821-1304 250821-1304_4_7 23.105 0.014 38.2773 38.3417 0.3 8.9 23.15 111.53 
250821-1304 250821-1304_4_8 23.133 0.024 38.2738 38.3345 0.7 11.5 23.33 111.36 
250821-1304 250821-1304_4_9 23.434 0.029 38.2852 38.3350 0.3 11.8 23.60 111.83 
250821-1304 250821-1304_4_10 23.738 0.003 38.3038 38.3466 0.8 13.8 23.77 111.18 
250821-1304 250821-1304_4_11 23.762 0.029 38.2695 38.3116 0.4 14.1 23.78 110.02 
250821-1304 250821-1304_4_12 23.777 0.032 38.2868 38.3264 0.6 12.4 23.92 110.93 
250821-1304 250821-1304_4_13 23.898 0.016 38.3224 38.3588 0.8 14.5 23.93 106.59 
250821-1304 250821-1304_4_14 23.469 0.014 38.2574 38.3094 0.3 10.7 23.48 111.50 
250821-1304 250821-1304_4_15 23.457 0.020 38.3009 38.3515 0.8 9.5 23.61 110.81 
250821-1304 250821-1304_4_16 23.715 0.029 38.2651 38.3040 0.3 13.7 23.88 109.35 
250821-1304 250821-1304_4_17 23.684 0.006 38.3122 38.3565 0.8 10.4 23.71 109.31 
250821-1304 250821-1304_4_18 23.379 0.012 38.2460 38.3011 0.4 9.7 23.42 110.23 
250821-1304 250821-1304_4_19 23.387 0.035 38.3018 38.3540 0.8 11.0 23.57 109.91 
250821-1304 250821-1304_5_0 23.605 0.028 38.3137 38.3611 0.2 10.7 23.60 110.58 
250821-1304 250821-1304_5_1 23.609 0.034 38.2431 38.2858 0.8 11.5 23.79 110.94 
250821-1304 250821-1304_5_2 23.512 0.029 38.3193 38.3662 0.2 12.9 23.68 108.02 
250821-1304 250821-1304_5_3 23.711 0.000 38.2941 38.3379 0.8 13.8 23.72 109.09 
250821-1304 250821-1304_5_4 23.570 0.004 38.2481 38.2967 0.3 12.1 23.57 111.48 
250821-1304 250821-1304_5_5 23.574 0.007 38.2880 38.3376 0.6 10.3 23.64 108.34 
250821-1304 250821-1304_5_6 23.863 0.003 38.2900 38.3285 0.8 10.6 23.87 110.59 
250821-1304 250821-1304_5_7 23.117 0.004 38.2841 38.3481 0.3 11.6 23.16 111.78 
250821-1304 250821-1304_5_8 23.133 0.024 38.2353 38.2957 0.8 9.4 23.33 111.31 
250821-1304 250821-1304_5_9 23.406 0.059 38.2993 38.3459 0.3 11.7 23.69 109.51 
250821-1304 250821-1304_5_10 23.738 0.006 38.3352 38.3779 0.8 11.8 23.77 110.87 
250821-1304 250821-1304_5_11 23.789 0.004 38.2733 38.3144 0.3 9.5 23.80 110.86 
250821-1304 250821-1304_5_12 23.781 0.030 38.3025 38.3419 0.7 10.3 23.92 110.49 
250821-1304 250821-1304_5_13 23.883 0.035 38.3258 38.3590 0.4 12.6 24.06 106.56 
250821-1304 250821-1304_5_14 23.469 0.014 38.2511 38.3032 0.3 11.1 23.48 110.09 
250821-1304 250821-1304_5_15 23.477 0.004 38.2932 38.3443 0.8 12.1 23.56 110.05 
250821-1304 250821-1304_5_16 23.711 0.033 38.2590 38.2980 0.3 10.8 23.89 109.23 
250821-1304 250821-1304_5_17 23.680 0.024 38.3232 38.3664 0.8 12.8 23.73 108.83 
250821-1304 250821-1304_5_18 23.379 0.012 38.2863 38.3414 0.3 12.5 23.42 109.30 
250821-1304 250821-1304_5_19 23.410 0.013 38.3029 38.3553 0.8 16.1 23.55 107.14 
250821-1304 250821-1304_6_0 23.617 0.015 38.3260 38.3730 0.3 10.7 23.62 111.33 
250821-1304 250821-1304_6_1 23.605 0.033 38.2376 38.2802 0.8 11.4 23.79 111.25 
250821-1304 250821-1304_6_2 23.496 0.053 38.3245 38.3685 0.3 12.9 23.77 108.94 
250821-1304 250821-1304_6_3 23.711 0.003 38.2954 38.3391 0.8 11.7 23.72 109.17 
250821-1304 250821-1304_6_4 23.570 0.018 38.3059 38.3545 0.3 10.6 23.58 112.57 
250821-1304 250821-1304_6_5 23.574 0.010 38.3013 38.3507 0.7 10.5 23.64 107.99 
250821-1304 250821-1304_6_6 23.852 0.019 38.3062 38.3418 0.4 14.6 23.98 110.54 
250821-1304 250821-1304_6_7 23.121 0.007 38.2617 38.3256 0.3 11.1 23.16 111.52 
250821-1304 250821-1304_6_8 23.148 0.000 38.2789 38.3396 0.8 11.1 23.30 110.91 
250821-1304 250821-1304_6_9 23.410 0.057 38.2766 38.3232 0.3 12.7 23.70 109.38 
250821-1304 250821-1304_6_10 23.723 0.025 38.2295 38.2712 0.8 10.9 23.80 110.98 
250821-1304 250821-1304_6_11 23.785 0.007 38.2818 38.3231 0.3 9.3 23.80 110.56 
250821-1304 250821-1304_6_12 23.805 0.006 38.3390 38.3796 0.8 9.7 23.88 110.04 
250821-1304 250821-1304_6_13 23.883 0.035 38.3044 38.3375 0.3 12.6 24.06 109.87 
250821-1304 250821-1304_6_14 23.453 0.008 38.2216 38.2737 0.6 12.5 23.51 109.97 
250821-1304 250821-1304_6_15 23.480 0.005 38.2973 38.3484 0.8 10.3 23.56 109.59 
250821-1304 250821-1304_6_16 23.719 0.014 38.2725 38.3142 0.3 9.6 23.80 108.99 
250821-1304 250821-1304_6_17 23.676 0.028 38.3396 38.3828 0.8 11.3 23.74 108.60 
250821-1304 250821-1304_6_18 23.359 0.026 38.2950 38.3508 0.3 10.9 23.40 109.23 
250821-1304 250821-1304_6_19 23.406 0.012 38.2725 38.3247 0.8 12.9 23.55 108.44 
250821-1304 250821-1304_7_0 23.625 0.011 38.3228 38.3695 0.3 11.2 23.62 111.72 
250821-1304 250821-1304_7_1 23.617 0.019 38.2476 38.2912 0.8 13.0 23.75 111.18 
250821-1304 250821-1304_7_2 23.496 0.053 38.3259 38.3697 0.3 10.9 23.77 109.38 
250821-1304 250821-1304_7_3 23.684 0.022 38.3142 38.3575 0.8 11.3 23.73 108.90 
250821-1304 250821-1304_7_4 23.570 0.018 38.2755 38.3241 0.3 11.4 23.58 111.45 
250821-1304 250821-1304_7_5 23.578 0.010 38.3129 38.3633 0.8 13.0 23.60 107.85 
250821-1304 250821-1304_7_6 23.852 0.018 38.3131 38.3487 0.3 10.4 23.98 109.82 
250821-1304 250821-1304_7_7 23.109 0.016 38.2293 38.2925 0.6 9.6 23.20 110.03 
250821-1304 250821-1304_7_8 23.148 0.004 38.3013 38.3620 0.8 12.1 23.30 111.57 
250821-1304 250821-1304_7_9 23.445 0.024 38.3057 38.3553 0.3 10.3 23.61 109.79 
250821-1304 250821-1304_7_10 23.727 0.025 38.2365 38.2781 0.8 11.0 23.80 111.15 
250821-1304 250821-1304_7_11 23.770 0.025 38.2456 38.2874 0.4 9.7 23.78 110.52 
250821-1304 250821-1304_7_12 23.797 0.011 38.3244 38.3650 0.8 9.6 23.88 109.90 
250821-1304 250821-1304_7_13 23.895 0.020 38.2983 38.3338 0.3 14.0 23.98 110.26 
250821-1304 250821-1304_7_14 23.453 0.008 38.2308 38.2828 0.7 13.7 23.52 110.01 
250821-1304 250821-1304_7_15 23.723 0.025 38.2725 38.3159 0.6 11.3 23.71 109.32 
250821-1304 250821-1304_7_16 23.719 0.014 38.2727 38.3143 0.3 11.1 23.81 108.67 
250821-1304 250821-1304_7_17 23.688 0.008 38.3377 38.3818 0.8 12.0 23.71 108.63 
250821-1304 250821-1304_7_18 23.367 0.024 38.3129 38.3684 0.3 11.8 23.40 109.99 
250821-1304 250821-1304_7_19 23.387 0.037 38.2364 38.2879 0.8 12.1 23.58 109.06 
250821-1304 250821-1304_8_0 23.605 0.029 38.2795 38.3249 0.6 10.8 23.68 112.12 
250821-1304 250821-1304_8_1 23.621 0.020 38.2682 38.3117 0.9 13.1 23.75 110.42 
250821-1304 250821-1304_8_2 23.520 0.028 38.3453 38.3918 0.3 9.8 23.68 108.88 
250821-1304 250821-1304_8_3 23.680 0.024 38.3262 38.3695 0.8 13.2 23.74 108.63 
250821-1304 250821-1304_8_4 23.574 0.003 38.2922 38.3406 0.3 11.2 23.58 109.23 
250821-1304 250821-1304_8_5 23.582 0.012 38.3175 38.3678 0.8 11.4 23.60 109.54 
250821-1304 250821-1304_8_6 23.863 0.007 38.3146 38.3524 0.2 10.4 23.91 108.64 
250821-1304 250821-1304_8_7 23.113 0.016 38.2137 38.2768 0.7 11.6 23.21 110.06 
250821-1304 250821-1304_8_8 23.375 0.059 38.2574 38.3127 0.5 8.8 23.42 111.30 
250821-1304 250821-1304_8_9 23.438 0.030 38.3003 38.3495 0.3 10.3 23.61 110.21 
250821-1304 250821-1304_8_10 23.738 0.009 38.2537 38.2960 0.8 11.6 23.77 110.93 
250821-1304 250821-1304_8_11 23.770 0.024 38.2776 38.3194 0.3 13.1 23.79 109.84 
250821-1304 250821-1304_8_12 23.781 0.032 38.3096 38.3487 0.8 10.0 23.92 110.06 
250821-1304 250821-1304_8_13 23.898 0.016 38.3018 38.3373 0.3 12.0 23.98 109.28 
250821-1304 250821-1304_8_14 23.477 0.016 38.2672 38.3201 0.8 11.5 23.48 110.06 
250821-1304 250821-1304_8_15 23.723 0.025 38.2699 38.3133 0.4 11.0 23.71 109.22 
250821-1304 250821-1304_8_16 23.711 0.033 38.2794 38.3209 0.7 10.8 23.85 108.52 
250821-1304 250821-1304_8_17 23.684 0.012 38.3205 38.3645 0.8 10.0 23.72 108.91 
250821-1304 250821-1304_8_18 23.391 0.006 38.3269 38.3816 0.3 11.7 23.42 109.72 
250821-1304 250821-1304_8_19 23.387 0.037 38.2284 38.2801 0.8 12.5 23.57 109.71 
250821-1304 250821-1304_9_0 23.605 0.029 38.3077 38.3531 0.8 12.8 23.68 110.45 
250821-1304 250821-1304_9_1 23.465 0.051 38.2860 38.3382 0.6 10.8 23.51 109.89 
250821-1304 250821-1304_9_2 23.516 0.029 38.2747 38.3212 0.2 10.1 23.68 111.21 
250821-1304 250821-1304_9_3 23.707 0.007 38.3220 38.3655 0.8 11.2 23.72 108.86 
250821-1304 250821-1304_9_4 23.578 0.004 38.3202 38.3686 0.3 11.0 23.57 107.67 
250821-1304 250821-1304_9_5 23.578 0.008 38.2682 38.3173 0.8 10.5 23.65 109.00 
250821-1304 250821-1304_9_6 23.867 0.004 38.3314 38.3693 0.3 11.2 23.91 107.12 
250821-1304 250821-1304_9_7 23.125 0.004 38.2295 38.2935 0.8 11.7 23.18 111.08 
250821-1304 250821-1304_9_8 23.375 0.059 38.2665 38.3218 0.3 8.9 23.42 111.21 
250821-1304 250821-1304_9_9 23.414 0.057 38.2857 38.3348 0.6 9.8 23.65 110.21 
250821-1304 250821-1304_9_10 23.738 0.009 38.2908 38.3331 0.8 8.9 23.77 110.79 
250821-1304 250821-1304_9_11 23.793 0.006 38.2840 38.3250 0.3 11.7 23.80 109.45 
250821-1304 250821-1304_9_12 23.777 0.036 38.2588 38.2977 0.8 11.8 23.93 111.33 
250821-1304 250821-1304_9_13 23.883 0.035 38.2748 38.3077 0.3 12.2 24.06 109.83 
250821-1304 250821-1304_9_14 23.473 0.013 38.2689 38.3216 0.8 11.3 23.48 109.64 
250821-1304 250821-1304_9_15 23.719 0.010 38.2618 38.3054 0.3 9.9 23.72 110.23 
250821-1304 250821-1304_9_16 23.719 0.031 38.2964 38.3379 0.8 11.5 23.84 108.59 
250821-1304 250821-1304_9_17 23.680 0.029 38.2725 38.3130 0.4 12.1 23.86 109.94 
250821-1304 250821-1304_9_18 23.395 0.006 38.3484 38.4030 0.3 11.1 23.42 108.75 
250821-1304 250821-1304_9_19 23.418 0.012 38.2394 38.2912 0.8 13.4 23.55 109.08 
250821-1304 250821-1304_10_0 23.621 0.012 38.2722 38.3183 0.8 13.0 23.66 110.37 
250821-1304 250821-1304_10_1 23.465 0.055 38.2940 38.3462 0.3 11.0 23.52 109.52 
250821-1304 250821-1304_10_2 23.504 0.051 38.2890 38.3348 0.7 11.1 23.74 111.64 
250821-1304 250821-1304_10_3 23.703 0.008 38.3150 38.3585 0.8 10.3 23.72 109.16 
250821-1304 250821-1304_10_4 23.574 0.022 38.3277 38.3761 0.2 10.2 23.58 107.49 
250821-1304 250821-1304_10_5 23.574 0.010 38.2588 38.3076 0.8 9.3 23.65 109.42 
250821-1304 250821-1304_10_6 23.844 0.023 38.3201 38.3552 0.3 13.9 23.98 107.45 
250821-1304 250821-1304_10_7 23.129 0.007 38.2328 38.2968 0.8 11.0 23.18 111.50 
250821-1304 250821-1304_10_8 23.414 0.023 38.2418 38.2957 0.3 10.8 23.45 111.36 
250821-1304 250821-1304_10_9 23.422 0.053 38.3193 38.3684 0.7 9.8 23.65 110.47 
250821-1304 250821-1304_10_10 23.727 0.029 38.2871 38.3260 0.4 11.1 23.91 111.27 
250821-1304 250821-1304_10_11 23.797 0.004 38.3025 38.3434 0.3 10.9 23.80 110.44 
250821-1304 250821-1304_10_12 23.801 0.010 38.2497 38.2898 0.8 10.2 23.88 111.55 
250821-1304 250821-1304_10_13 23.883 0.033 38.3312 38.3639 0.3 13.0 24.06 108.31 
250821-1304 250821-1304_10_14 23.453 0.014 38.2804 38.3320 0.8 11.7 23.52 108.37 
250821-1304 250821-1304_10_15 23.719 0.011 38.3165 38.3601 0.3 10.8 23.72 110.29 
250821-1304 250821-1304_10_16 23.719 0.014 38.2952 38.3374 0.8 11.2 23.81 107.57 
250821-1304 250821-1304_10_17 23.672 0.029 38.2673 38.3077 0.3 11.9 23.86 110.35 
250821-1304 250821-1304_10_18 23.375 0.022 38.3248 38.3786 0.6 9.4 23.48 109.06 
250821-1304 250821-1304_10_19 23.414 0.014 38.2447 38.2963 0.8 13.1 23.55 108.66 
250821-1304 250821-1304_11_0 23.617 0.015 38.2832 38.3292 0.8 10.3 23.66 110.45 
250821-1304 250821-1304_11_1 23.484 0.030 38.2871 38.3386 0.3 11.1 23.54 109.75 
250821-1304 250821-1304_11_2 23.500 0.055 38.3134 38.3591 0.8 10.5 23.74 111.22 
250821-1304 250821-1304_11_3 23.676 0.028 38.2902 38.3311 0.4 11.3 23.84 109.49 
250821-1304 250821-1304_11_4 23.578 0.022 38.3233 38.3717 0.3 11.9 23.58 108.24 
250821-1304 250821-1304_11_5 23.578 0.010 38.2516 38.3014 0.8 12.0 23.61 110.06 
250821-1304 250821-1304_11_6 23.852 0.018 38.3084 38.3437 0.3 13.3 23.99 108.91 
250821-1304 250821-1304_11_7 23.117 0.018 38.2234 38.2862 0.7 9.9 23.21 111.38 
250821-1304 250821-1304_11_8 23.414 0.022 38.2386 38.2925 0.2 8.6 23.45 111.43 
250821-1304 250821-1304_11_9 23.445 0.026 38.3240 38.3749 0.8 12.0 23.59 110.19 
250821-1304 250821-1304_11_10 23.723 0.027 38.2694 38.3083 0.3 11.1 23.91 111.63 
250821-1304 250821-1304_11_11 23.777 0.022 38.2987 38.3388 0.6 12.7 23.85 109.58 
250821-1304 250821-1304_11_12 23.801 0.012 38.2768 38.3167 0.8 13.3 23.88 110.71 
250821-1304 250821-1304_11_13 23.891 0.020 38.3309 38.3661 0.4 11.7 23.98 109.10 
250821-1304 250821-1304_11_14 23.457 0.014 38.2993 38.3508 0.8 11.5 23.52 108.24 
250821-1304 250821-1304_11_15 23.727 0.023 38.3281 38.3714 0.3 9.4 23.71 110.09 
250821-1304 250821-1304_11_16 23.719 0.011 38.2638 38.3059 0.8 10.6 23.82 108.81 
250821-1304 250821-1304_11_17 23.684 0.014 38.2578 38.3004 0.2 13.9 23.77 108.59 
250821-1304 250821-1304_11_18 23.371 0.026 38.3251 38.3788 0.7 10.1 23.48 108.89 
250821-1304 250821-1304_11_19 23.367 0.034 38.2592 38.3147 0.5 14.9 23.38 108.58 
250821-1304 250821-1304_12_0 23.605 0.033 38.3058 38.3509 0.8 10.3 23.68 110.47 
250821-1304 250821-1304_12_1 23.484 0.030 38.3049 38.3564 0.3 11.4 23.53 110.02 
250821-1304 250821-1304_12_2 23.523 0.027 38.2665 38.3130 0.8 8.9 23.71 111.14 
250821-1304 250821-1304_12_3 23.680 0.027 38.2951 38.3360 0.3 10.3 23.84 109.43 
250821-1304 250821-1304_12_4 23.582 0.007 38.3127 38.3613 0.6 13.0 23.61 108.22 
250821-1304 250821-1304_12_5 23.582 0.010 38.2579 38.3076 0.8 10.2 23.61 111.04 
250821-1304 250821-1304_12_6 23.859 0.003 38.3084 38.3459 0.3 12.0 23.91 109.94 
250821-1304 250821-1304_12_7 23.109 0.022 38.2106 38.2734 0.8 10.5 23.21 111.37 
250821-1304 250821-1304_12_8 23.387 0.053 38.2212 38.2760 0.4 9.0 23.44 111.78 
250821-1304 250821-1304_12_9 23.445 0.027 38.3280 38.3788 0.8 11.5 23.60 110.88 
250821-1304 250821-1304_12_10 23.734 0.012 38.2658 38.3072 0.2 12.4 23.83 110.39 
250821-1304 250821-1304_12_11 23.773 0.026 38.3028 38.3427 0.7 13.7 23.85 109.03 
250821-1304 250821-1304_12_12 23.879 0.030 38.2611 38.2992 0.5 11.6 23.88 111.15 
250821-1304 250821-1304_12_13 23.891 0.020 38.2533 38.2887 0.4 15.5 23.98 110.14 
250821-1304 250821-1304_12_14 23.477 0.010 38.3032 38.3557 0.8 11.2 23.48 108.65 
250821-1304 250821-1304_12_15 23.719 0.027 38.2566 38.3002 0.3 10.8 23.71 111.35 
250821-1304 250821-1304_12_16 23.715 0.033 38.2489 38.2898 0.8 12.1 23.85 108.73 
250821-1304 250821-1304_12_17 23.680 0.014 38.2483 38.2913 0.4 13.5 23.78 109.11 
250821-1304 250821-1304_12_18 23.395 0.006 38.2617 38.3159 0.8 12.3 23.45 109.18 
250821-1304 250821-1304_12_19 23.359 0.038 38.3132 38.3690 0.3 17.2 23.38 108.25 
250821-1304 250821-1304_13_0 23.609 0.030 38.2995 38.3448 0.8 11.5 23.68 110.57 
250821-1304 250821-1304_13_1 23.469 0.053 38.2814 38.3335 0.3 12.4 23.52 110.05 
250821-1304 250821-1304_13_2 23.520 0.030 38.2464 38.2927 0.8 13.4 23.71 112.70 
250821-1304 250821-1304_13_3 23.699 0.010 38.3012 38.3443 0.2 10.3 23.77 109.84 
250821-1304 250821-1304_13_4 23.578 0.004 38.3103 38.3589 0.7 12.0 23.60 108.56 
250821-1304 250821-1304_13_5 23.840 0.014 38.2498 38.2892 0.6 11.1 23.84 111.92 
250821-1304 250821-1304_13_6 23.859 0.004 38.2953 38.3329 0.3 14.2 23.91 110.42 
250821-1304 250821-1304_13_7 23.129 0.003 38.2572 38.3210 0.8 10.4 23.19 111.27 
250821-1304 250821-1304_13_8 23.391 0.053 38.2449 38.2996 0.3 11.5 23.44 112.22 
250821-1304 250821-1304_13_9 23.418 0.055 38.2775 38.3263 0.8 10.5 23.66 110.77 
250821-1304 250821-1304_13_10 23.734 0.012 38.2628 38.3040 0.3 12.1 23.84 110.40 
250821-1304 250821-1304_13_11 23.797 0.004 38.3099 38.3506 0.8 11.5 23.83 108.10 
250821-1304 250821-1304_13_12 23.879 0.030 38.2533 38.2914 0.4 10.4 23.88 110.12 
250821-1304 250821-1304_13_13 23.883 0.035 38.2466 38.2814 0.6 11.1 24.02 111.35 
250821-1304 250821-1304_13_14 23.477 0.012 38.2372 38.2898 0.8 15.3 23.49 110.29 
250821-1304 250821-1304_13_15 23.719 0.011 38.2667 38.3102 0.3 9.9 23.72 110.86 
250821-1304 250821-1304_13_16 23.711 0.035 38.2493 38.2900 0.8 12.9 23.86 108.78 
250821-1304 250821-1304_13_17 23.676 0.029 38.2694 38.3096 0.3 13.9 23.86 109.26 
250821-1304 250821-1304_13_18 23.395 0.009 38.2617 38.3158 0.8 11.0 23.46 109.46 
250821-1304 250821-1304_13_19 23.371 0.018 38.2867 38.3421 0.3 13.4 23.39 110.28 
250821-1304 250821-1304_14_0 23.621 0.016 38.2931 38.3390 0.8 10.2 23.66 110.90 
250821-1304 250821-1304_14_1 23.480 0.047 38.2972 38.3489 0.3 10.4 23.52 109.95 
250821-1304 250821-1304_14_2 23.508 0.051 38.2623 38.3076 0.8 11.0 23.75 110.30 
250821-1304 250821-1304_14_3 23.703 0.010 38.3071 38.3502 0.3 9.5 23.76 110.03 
250821-1304 250821-1304_14_4 23.578 0.019 38.2893 38.3390 0.8 13.4 23.56 108.64 
250821-1304 250821-1304_14_5 23.840 0.016 38.2649 38.3043 0.4 8.9 23.84 111.71 
250821-1304 250821-1304_14_6 23.848 0.022 38.2817 38.3189 0.6 12.0 23.95 110.44 
250821-1304 250821-1304_14_7 23.133 0.003 38.2635 38.3271 0.8 9.6 23.19 111.53 
250821-1304 250821-1304_14_8 23.422 0.019 38.2471 38.3007 0.3 12.1 23.46 111.87 
250821-1304 250821-1304_14_9 23.422 0.053 38.2776 38.3262 0.8 9.0 23.66 110.59 
250821-1304 250821-1304_14_10 23.727 0.029 38.2477 38.2864 0.3 12.0 23.91 110.64 
250821-1304 250821-1304_14_11 23.797 0.004 38.3129 38.3535 0.8 12.7 23.84 106.69 
250821-1304 250821-1304_14_12 23.891 0.014 38.2655 38.3032 0.3 11.7 23.89 110.07 
250821-1304 250821-1304_14_13 23.883 0.033 38.3147 38.3494 0.8 10.2 24.02 110.27 
250821-1304 250821-1304_14_14 23.453 0.018 38.2442 38.2942 0.4 15.5 23.60 109.47 
250821-1304 250821-1304_14_15 23.727 0.006 38.2752 38.3185 0.4 11.6 23.72 110.47 
250821-1304 250821-1304_14_16 23.719 0.014 38.2577 38.2994 0.8 13.4 23.83 107.12 
250821-1304 250821-1304_14_17 23.672 0.031 38.2784 38.3183 0.3 11.9 23.87 108.54 
250821-1304 250821-1304_14_18 23.375 0.030 38.2593 38.3125 0.8 11.4 23.48 109.65 
250821-1304 250821-1304_14_19 23.375 0.015 38.3110 38.3663 0.3 11.0 23.38 109.77 
250821-1304 250821-1304_15_0 23.621 0.016 38.3032 38.3490 0.9 11.1 23.66 109.39 
250821-1304 250821-1304_15_1 23.492 0.027 38.2996 38.3508 0.3 10.7 23.54 110.06 
250821-1304 250821-1304_15_2 23.508 0.051 38.3245 38.3695 0.8 14.4 23.75 110.17 
250821-1304 250821-1304_15_3 23.680 0.025 38.2948 38.3354 0.3 9.9 23.84 109.22 
250821-1304 250821-1304_15_4 23.578 0.018 38.2943 38.3439 0.8 12.2 23.57 108.81 
250821-1304 250821-1304_15_5 23.859 0.004 38.2800 38.3188 0.4 10.7 23.85 111.51 
250821-1304 250821-1304_15_6 23.848 0.020 38.2964 38.3334 0.8 11.0 23.96 110.72 
250821-1304 250821-1304_15_7 23.121 0.022 38.2825 38.3428 0.4 10.3 23.32 111.17 
250821-1304 250821-1304_15_8 23.422 0.022 38.2282 38.2819 0.3 12.9 23.47 111.86 
250821-1304 250821-1304_15_9 23.453 0.026 38.2905 38.3410 0.8 11.0 23.60 110.22 
250821-1304 250821-1304_15_10 23.727 0.027 38.3004 38.3390 0.3 11.2 23.91 109.52 
250821-1304 250821-1304_15_11 23.773 0.030 38.3230 38.3627 0.8 10.7 23.86 104.85 
250821-1304 250821-1304_15_12 23.895 0.010 38.3067 38.3443 0.3 9.3 23.89 109.26 
250821-1304 250821-1304_15_13 23.891 0.020 38.3242 38.3601 0.8 10.3 23.99 109.82 
250821-1304 250821-1304_15_14 23.457 0.014 38.2588 38.3088 0.4 14.5 23.61 108.85 
250821-1304 250821-1304_15_15 23.723 0.024 38.2729 38.3148 0.6 10.5 23.78 110.34 
250821-1304 250821-1304_15_16 23.719 0.011 38.2564 38.2980 0.8 12.1 23.82 107.68 
250821-1304 250821-1304_15_17 23.684 0.014 38.2904 38.3330 0.4 13.3 23.78 108.61 
250821-1304 250821-1304_15_18 23.375 0.031 38.2383 38.2914 0.8 11.2 23.48 108.88 
250821-1304 250821-1304_15_19 23.367 0.034 38.3218 38.3774 0.3 12.9 23.38 109.57 
250821-1304 250821-1304_16_0 23.602 0.037 38.2933 38.3355 0.4 11.2 23.80 110.70 
250821-1304 250821-1304_16_1 23.496 0.028 38.3296 38.3808 0.2 10.4 23.55 108.76 
250821-1304 250821-1304_16_2 23.523 0.027 38.3171 38.3629 0.8 12.3 23.71 110.11 
250821-1304 250821-1304_16_3 23.676 0.026 38.3012 38.3419 0.3 10.6 23.84 111.30 
250821-1304 250821-1304_16_4 23.578 0.000 38.3210 38.3693 0.8 10.3 23.61 110.12 
250821-1304 250821-1304_16_5 23.859 0.003 38.2988 38.3376 0.3 9.9 23.85 111.50 
250821-1304 250821-1304_16_6 23.859 0.004 38.3239 38.3619 0.8 11.3 23.91 108.59 
250821-1304 250821-1304_16_7 23.117 0.024 38.2935 38.3540 0.3 13.1 23.32 108.78 
250821-1304 250821-1304_16_8 23.395 0.051 38.2158 38.2669 0.6 11.4 23.55 111.47 
250821-1304 250821-1304_16_9 23.453 0.024 38.2822 38.3324 0.8 16.0 23.61 109.79 
250821-1304 250821-1304_16_10 23.734 0.014 38.2963 38.3374 0.3 14.5 23.84 110.31 
250821-1304 250821-1304_16_11 23.773 0.030 38.3241 38.3638 0.8 11.0 23.85 104.66 
250821-1304 250821-1304_16_12 23.883 0.027 38.3300 38.3680 0.4 12.0 23.88 109.49 
250821-1304 250821-1304_16_13 23.891 0.020 38.3360 38.3719 0.8 11.0 23.98 110.37 
250821-1304 250821-1304_16_14 23.473 0.007 38.2542 38.3066 0.2 11.8 23.53 109.00 
250821-1304 250821-1304_16_15 23.727 0.023 38.2926 38.3343 0.8 11.8 23.78 110.77 
250821-1304 250821-1304_16_16 23.668 0.024 38.3346 38.3799 0.5 11.4 23.67 108.98 
250821-1304 250821-1304_16_17 23.684 0.014 38.3233 38.3658 0.3 12.4 23.78 108.91 
250821-1304 250821-1304_16_18 23.398 0.010 38.2531 38.3069 0.8 12.3 23.46 108.71 
250821-1304 250821-1304_16_19 23.367 0.031 38.3194 38.3749 0.3 12.1 23.38 109.21 
250821-1304 250821-1304_17_0 23.602 0.039 38.3176 38.3597 0.3 10.7 23.80 110.52 
250821-1304 250821-1304_17_1 23.484 0.047 38.2907 38.3390 0.6 10.3 23.62 108.88 
250821-1304 250821-1304_17_2 23.531 0.026 38.2630 38.3089 0.8 12.2 23.72 110.52 
250821-1304 250821-1304_17_3 23.695 0.012 38.3149 38.3579 0.2 10.7 23.77 112.24 
250821-1304 250821-1304_17_4 23.578 0.000 38.2490 38.2974 0.8 11.9 23.61 109.67 
250821-1304 250821-1304_17_5 23.852 0.010 38.2916 38.3306 0.3 12.0 23.84 112.81 
250821-1304 250821-1304_17_6 23.859 0.004 38.3217 38.3595 0.8 9.2 23.91 108.92 
250821-1304 250821-1304_17_7 23.129 0.006 38.3061 38.3688 0.2 10.6 23.24 107.06 
250821-1304 250821-1304_17_8 23.398 0.051 38.2465 38.2975 0.7 10.5 23.55 110.63 
250821-1304 250821-1304_17_9 23.715 0.026 38.2800 38.3237 0.5 10.0 23.73 109.56 
250821-1304 250821-1304_17_10 23.738 0.013 38.2948 38.3358 0.3 12.2 23.84 108.95 
250821-1304 250821-1304_17_11 23.797 0.008 38.3133 38.3537 0.8 12.5 23.83 106.51 
250821-1304 250821-1304_17_12 23.891 0.024 38.3299 38.3676 0.3 11.0 23.88 108.80 
250821-1304 250821-1304_17_13 23.887 0.033 38.3397 38.3742 0.8 11.1 24.02 109.52 
250821-1304 250821-1304_17_14 23.477 0.008 38.2607 38.3129 0.3 11.6 23.54 108.04 
250821-1304 250821-1304_17_15 23.727 0.006 38.3300 38.3729 0.8 13.1 23.75 108.73 
250821-1304 250821-1304_17_16 23.668 0.022 38.3192 38.3645 0.4 12.3 23.68 108.67 
250821-1304 250821-1304_17_17 23.676 0.031 38.3119 38.3534 0.7 10.7 23.83 108.87 
250821-1304 250821-1304_17_18 23.398 0.012 38.2824 38.3361 0.8 9.1 23.46 108.70 
250821-1304 250821-1304_17_19 23.379 0.014 38.3214 38.3765 0.3 13.4 23.39 109.19 
250821-1304 250821-1304_18_0 23.617 0.022 38.3006 38.3450 0.1 10.1 23.73 110.34 
250821-1304 250821-1304_18_1 23.484 0.047 38.2856 38.3340 0.8 12.1 23.62 110.00 
250821-1304 250821-1304_18_2 23.680 0.024 38.2430 38.2879 0.6 10.4 23.67 111.53 
250821-1304 250821-1304_18_3 23.699 0.010 38.3467 38.3895 0.3 15.0 23.77 111.54 
250821-1304 250821-1304_18_4 23.578 0.015 38.2774 38.3268 0.8 9.6 23.58 110.09 
250821-1304 250821-1304_18_5 23.852 0.011 38.3340 38.3730 0.3 9.1 23.84 112.04 
250821-1304 250821-1304_18_6 23.844 0.022 38.3240 38.3606 0.8 10.3 23.96 108.63 
250821-1304 250821-1304_18_7 23.133 0.004 38.3048 38.3673 0.3 13.9 23.24 107.02 
250821-1304 250821-1304_18_8 23.430 0.020 38.2605 38.3126 0.8 12.5 23.52 110.50 
250821-1304 250821-1304_18_9 23.719 0.023 38.2787 38.3223 0.4 10.8 23.73 109.35 
250821-1304 250821-1304_18_10 23.723 0.031 38.2591 38.2995 0.6 12.3 23.88 109.15 
250821-1304 250821-1304_18_11 23.797 0.008 38.3140 38.3544 0.8 11.3 23.84 107.84 
250821-1304 250821-1304_18_12 23.898 0.012 38.3000 38.3375 0.3 12.6 23.89 109.82 
250821-1304 250821-1304_18_13 23.883 0.035 38.3452 38.3796 0.8 9.1 24.02 109.60 
250821-1304 250821-1304_18_14 23.461 0.012 38.2730 38.3226 0.3 14.3 23.62 107.51 
250821-1304 250821-1304_18_15 23.727 0.008 38.3223 38.3651 0.8 10.5 23.74 109.05 
250821-1304 250821-1304_18_16 23.676 0.007 38.2999 38.3449 0.4 10.8 23.69 108.60 
250821-1304 250821-1304_18_17 23.676 0.029 38.3296 38.3711 0.8 11.2 23.84 108.34 
250821-1304 250821-1304_18_18 23.375 0.035 38.2888 38.3396 0.4 11.4 23.59 109.01 
250821-1304 250821-1304_18_19 23.379 0.016 38.3161 38.3712 0.3 13.9 23.39 109.01 
250821-1304 250821-1304_19_0 23.617 0.018 38.3210 38.3654 0.2 11.4 23.73 109.69 
250821-1304 250821-1304_19_1 23.504 0.024 38.2900 38.3393 0.8 10.1 23.60 109.89 
250821-1304 250821-1304_19_2 23.680 0.024 38.2314 38.2763 0.3 9.8 23.67 111.78 
250821-1304 250821-1304_19_3 23.676 0.028 38.2548 38.2979 0.6 12.2 23.80 111.27 
250821-1304 250821-1304_19_4 23.578 0.014 38.2937 38.3429 0.8 12.8 23.58 110.61 
250821-1304 250821-1304_19_5 23.867 0.004 38.3442 38.3827 0.3 10.9 23.85 111.14 
250821-1304 250821-1304_19_6 23.844 0.023 38.3489 38.3856 0.8 9.7 23.95 108.73 
250821-1304 250821-1304_19_7 23.121 0.022 38.2958 38.3557 0.3 12.9 23.34 108.71 
250821-1304 250821-1304_19_8 23.430 0.020 38.2591 38.3112 0.8 12.7 23.52 111.61 
250821-1304 250821-1304_19_9 23.730 0.005 38.3081 38.3513 0.3 9.7 23.74 112.28 
250821-1304 250821-1304_19_10 23.723 0.031 38.2550 38.2953 0.8 9.7 23.88 109.58 
250821-1304 250821-1304_19_11 23.773 0.031 38.3092 38.3467 0.4 12.1 23.96 108.79 
250821-1304 250821-1304_19_12 23.898 0.012 38.3064 38.3439 0.3 12.1 23.89 109.72 
250821-1304 250821-1304_19_13 23.891 0.018 38.3263 38.3620 0.8 10.7 23.98 110.35 
250821-1304 250821-1304_19_14 23.461 0.016 38.3044 38.3538 0.4 11.3 23.62 107.00 
250821-1304 250821-1304_19_15 23.719 0.029 38.3071 38.3487 0.8 11.3 23.78 109.31 
250821-1304 250821-1304_19_16 23.676 0.007 38.2933 38.3383 0.4 11.6 23.68 108.54 
250821-1304 250821-1304_19_17 23.680 0.014 38.3364 38.3789 0.8 11.6 23.80 109.37 
250821-1304 250821-1304_19_18 23.379 0.033 38.2961 38.3469 0.4 10.9 23.59 109.44 
250821-1304 250821-1304_19_19 23.371 0.034 38.3033 38.3564 0.7 12.0 23.45 108.80 
250821-1304 250821-1304_20_0 23.602 0.037 38.3176 38.3597 0.3 13.8 23.80 110.45 
250821-1304 250821-1304_20_1 23.500 0.027 38.3058 38.3550 0.8 11.5 23.60 109.99 
250821-1304 250821-1304_20_2 23.707 0.007 38.2389 38.2829 0.3 12.9 23.70 111.45 
250821-1304 250821-1304_20_3 23.668 0.031 38.2557 38.2989 0.8 11.6 23.80 111.67 
250821-1304 250821-1304_20_4 23.574 0.007 38.2929 38.3399 0.4 11.4 23.68 109.49 
250821-1304 250821-1304_20_5 23.867 0.006 38.3024 38.3409 0.3 11.5 23.85 111.16 
250821-1304 250821-1304_20_6 23.859 0.004 38.3201 38.3579 0.8 11.1 23.91 109.12 
250821-1304 250821-1304_20_7 23.125 0.022 38.2716 38.3313 0.2 10.2 23.33 110.96 
250821-1304 250821-1304_20_8 23.398 0.055 38.2293 38.2800 0.8 11.0 23.55 111.75 
250821-1304 250821-1304_20_9 23.727 0.008 38.3125 38.3558 0.3 10.1 23.74 111.31 
250821-1304 250821-1304_20_10 23.734 0.012 38.2980 38.3393 0.8 10.1 23.84 109.86 
250821-1304 250821-1304_20_11 23.777 0.030 38.3409 38.3782 0.4 14.1 23.96 109.26 
250821-1304 250821-1304_20_12 23.891 0.024 38.2562 38.2923 0.7 12.6 23.95 110.00 
250821-1304 250821-1304_20_13 23.895 0.016 38.2968 38.3322 0.8 9.9 23.99 110.08 
250821-1304 250821-1304_20_14 23.477 0.008 38.3170 38.3690 0.3 13.8 23.54 106.82 
250821-1304 250821-1304_20_15 23.719 0.031 38.2859 38.3274 0.8 10.2 23.78 109.89 
250821-1304 250821-1304_20_16 23.680 0.018 38.2912 38.3361 0.3 12.5 23.67 108.49 
250821-1304 250821-1304_20_17 23.684 0.012 38.3173 38.3595 0.8 12.5 23.80 109.64 
250821-1304 250821-1304_20_18 23.398 0.018 38.3085 38.3614 0.3 10.0 23.52 109.74 
250821-1304 250821-1304_20_19 23.375 0.031 38.3049 38.3581 0.7 13.2 23.45 108.97 
250821-1304 250821-1304_21_0 23.602 0.037 38.2765 38.3185 0.3 12.8 23.81 111.35 
250821-1304 250821-1304_21_1 23.484 0.051 38.2712 38.3192 0.8 10.8 23.63 109.84 
250821-1304 250821-1304_21_2 23.703 0.007 38.2586 38.3027 0.3 12.1 23.69 111.27 
250821-1304 250821-1304_21_3 23.695 0.012 38.2540 38.2980 0.8 11.2 23.76 111.47 
250821-1304 250821-1304_21_4 23.570 0.007 38.3376 38.3846 0.4 10.7 23.68 109.36 
250821-1304 250821-1304_21_5 23.852 0.011 38.2615 38.2997 0.6 12.4 23.89 111.21 
250821-1304 250821-1304_21_6 23.855 0.008 38.3258 38.3634 0.8 10.0 23.91 109.13 
250821-1304 250821-1304_21_7 23.137 0.005 38.2991 38.3613 0.3 10.6 23.26 111.39 
250821-1304 250821-1304_21_8 23.398 0.057 38.2989 38.3495 0.8 12.6 23.55 106.84 
250821-1304 250821-1304_21_9 23.727 0.019 38.3031 38.3464 0.3 12.5 23.73 110.54 
250821-1304 250821-1304_21_10 23.738 0.013 38.2945 38.3358 0.8 12.9 23.85 110.28 
250821-1304 250821-1304_21_11 23.797 0.011 38.3472 38.3870 0.2 11.6 23.88 108.97 
250821-1304 250821-1304_21_12 23.891 0.027 38.2723 38.3082 0.8 12.8 23.95 111.18 
250821-1304 250821-1304_21_13 23.445 0.010 38.2566 38.3095 0.6 9.6 23.46 110.65 
250821-1304 250821-1304_21_14 23.477 0.007 38.2903 38.3421 0.3 10.0 23.55 107.71 
250821-1304 250821-1304_21_15 23.723 0.010 38.2627 38.3055 0.8 11.9 23.75 109.58 
250821-1304 250821-1304_21_16 23.672 0.024 38.2867 38.3319 0.3 10.9 23.67 108.39 
250821-1304 250821-1304_21_17 23.672 0.031 38.2843 38.3253 0.8 12.3 23.84 108.54 
250821-1304 250821-1304_21_18 23.402 0.014 38.3139 38.3666 0.3 10.9 23.52 108.87 
250821-1304 250821-1304_21_19 23.383 0.011 38.3075 38.3617 0.8 13.7 23.42 109.86 
250821-1304 250821-1304_22_0 23.621 0.016 38.2429 38.2872 0.3 10.0 23.73 112.67 
250821-1304 250821-1304_22_1 23.484 0.053 38.2855 38.3334 0.8 13.1 23.63 109.67 
250821-1304 250821-1304_22_2 23.684 0.022 38.3255 38.3702 0.3 11.1 23.67 111.48 
250821-1304 250821-1304_22_3 23.695 0.010 38.2592 38.3028 0.8 9.9 23.75 111.10 
250821-1304 250821-1304_22_4 23.578 0.011 38.3086 38.3583 0.1 12.0 23.60 109.40 
250821-1304 250821-1304_22_5 23.852 0.014 38.2495 38.2877 0.7 9.8 23.88 110.76 
250821-1304 250821-1304_22_6 23.094 0.019 38.2866 38.3514 0.5 12.5 23.13 109.38 
250821-1304 250821-1304_22_7 23.137 0.005 38.2750 38.3372 0.3 11.4 23.26 109.25 
250821-1304 250821-1304_22_8 23.430 0.027 38.3033 38.3549 0.8 11.1 23.52 106.82 
250821-1304 250821-1304_22_9 23.723 0.022 38.3116 38.3551 0.3 10.5 23.73 109.63 
250821-1304 250821-1304_22_10 23.727 0.033 38.2725 38.3123 0.8 14.6 23.89 110.21 
250821-1304 250821-1304_22_11 23.797 0.011 38.3218 38.3615 0.3 10.4 23.88 109.19 
250821-1304 250821-1304_22_12 23.898 0.012 38.2582 38.2949 0.8 15.3 23.93 110.92 
250821-1304 250821-1304_22_13 23.445 0.013 38.2485 38.3014 0.4 10.2 23.46 111.03 
250821-1304 250821-1304_22_14 23.457 0.016 38.2573 38.3086 0.6 12.9 23.59 108.40 
250821-1304 250821-1304_22_15 23.719 0.011 38.2529 38.2956 0.8 14.1 23.75 111.32 
250821-1304 250821-1304_22_16 23.684 0.006 38.2688 38.3135 0.3 12.4 23.68 109.04 
250821-1304 250821-1304_22_17 23.672 0.031 38.2715 38.3125 0.8 13.2 23.84 108.49 
250821-1304 250821-1304_22_18 23.375 0.035 38.3274 38.3779 0.3 11.0 23.59 108.96 
250821-1304 250821-1304_22_19 23.383 0.014 38.2992 38.3533 0.8 11.4 23.42 109.41 
