260409-1701 260409-1701_0_0 19.396 0.061 38.5697 38.7602 11.6 24.6 19.39 113.99 
260409-1701 260409-1701_0_1 19.486 0.041 38.5181 38.7055 11.0 22.1 19.48 109.73 
260409-1701 260409-1701_0_2 19.469 0.035 38.5220 38.7100 10.9 23.5 19.47 106.08 
260409-1701 260409-1701_0_3 19.480 0.047 38.6011 38.7887 11.2 22.4 19.48 105.02 
260409-1701 260409-1701_0_4 19.485 0.031 38.5936 38.7812 10.9 23.9 19.48 112.86 
260409-1701 260409-1701_0_5 19.488 0.035 38.5928 38.7802 10.9 20.0 19.48 106.54 
260409-1701 260409-1701_0_6 19.486 0.030 38.5229 38.7104 11.0 22.2 19.48 113.06 
260409-1701 260409-1701_0_7 19.500 0.032 38.5658 38.7528 11.0 22.7 19.50 113.15 
260409-1701 260409-1701_0_8 19.494 0.034 38.5567 38.7439 11.0 23.0 19.49 112.90 
260409-1701 260409-1701_0_9 19.500 0.032 38.5560 38.7430 11.0 23.2 19.50 112.91 
260409-1701 260409-1701_0_10 19.508 0.032 38.6037 38.7905 11.1 23.7 19.51 113.31 
260409-1701 260409-1701_0_11 19.510 0.045 38.6027 38.7893 11.1 26.0 19.51 112.20 
260409-1701 260409-1701_0_12 19.527 0.055 38.5584 38.7445 11.1 24.3 19.53 112.42 
260409-1701 260409-1701_0_13 19.537 0.053 38.6111 38.7968 11.2 24.0 19.54 110.94 
260409-1701 260409-1701_0_14 19.545 0.061 38.5865 38.7719 11.2 24.0 19.54 111.41 
260409-1701 260409-1701_0_15 19.553 0.069 38.5887 38.7739 11.2 21.6 19.55 111.26 
260409-1701 260409-1701_0_16 19.565 0.080 38.6212 38.8060 11.2 24.9 19.57 111.66 
260409-1701 260409-1701_0_17 19.555 0.070 38.6235 38.8087 11.2 23.2 19.56 111.54 
260409-1701 260409-1701_0_18 19.574 0.078 38.5880 38.7725 11.3 26.4 19.58 111.47 
260409-1701 260409-1701_0_19 19.596 0.088 38.6102 38.7939 11.3 25.7 19.59 112.02 
260409-1701 260409-1701_1_0 19.397 0.049 38.5670 38.7575 11.5 23.4 19.39 115.51 
260409-1701 260409-1701_1_1 19.492 0.039 38.6062 38.7935 11.0 22.2 19.49 105.53 
260409-1701 260409-1701_1_2 19.480 0.039 38.5340 38.7217 10.9 24.9 19.48 113.44 
260409-1701 260409-1701_1_3 19.484 0.043 38.6106 38.7981 10.9 25.6 19.48 105.32 
260409-1701 260409-1701_1_4 19.492 0.031 38.5630 38.7502 10.9 21.8 19.49 112.55 
260409-1701 260409-1701_1_5 19.496 0.027 38.6225 38.8096 10.9 23.8 19.50 106.62 
260409-1701 260409-1701_1_6 19.492 0.028 38.5476 38.7349 11.0 21.4 19.49 114.08 
260409-1701 260409-1701_1_7 19.514 0.030 38.5784 38.7650 11.0 24.4 19.51 113.82 
260409-1701 260409-1701_1_8 19.508 0.024 38.6110 38.7978 11.1 25.9 19.50 112.66 
260409-1701 260409-1701_1_9 19.514 0.022 38.5776 38.7641 11.0 23.6 19.52 113.94 
260409-1701 260409-1701_1_10 19.523 0.024 38.5514 38.7376 11.4 22.0 19.52 113.09 
260409-1701 260409-1701_1_11 19.529 0.037 38.6134 38.7994 11.1 24.2 19.53 112.71 
260409-1701 260409-1701_1_12 19.537 0.041 38.6190 38.8047 11.1 24.1 19.54 113.18 
260409-1701 260409-1701_1_13 19.545 0.041 38.5834 38.7689 11.1 23.6 19.54 110.92 
260409-1701 260409-1701_1_14 19.553 0.045 38.6218 38.8070 11.1 26.4 19.55 111.59 
260409-1701 260409-1701_1_15 19.557 0.045 38.5974 38.7824 11.2 21.9 19.56 111.16 
260409-1701 260409-1701_1_16 19.558 0.051 38.6125 38.7975 11.2 24.8 19.56 112.16 
260409-1701 260409-1701_1_17 19.560 0.049 38.6276 38.8125 11.5 24.5 19.56 111.71 
260409-1701 260409-1701_1_18 19.578 0.066 38.5984 38.7827 11.2 24.3 19.58 111.07 
260409-1701 260409-1701_1_19 19.593 0.067 38.6150 38.7988 11.4 26.1 19.59 110.81 
260409-1701 260409-1701_2_0 19.399 0.046 38.5213 38.7118 11.4 26.4 19.39 114.95 
260409-1701 260409-1701_2_1 19.494 0.041 38.6134 38.8006 11.0 25.3 19.49 108.09 
260409-1701 260409-1701_2_2 19.479 0.049 38.5286 38.7164 10.9 23.2 19.48 113.56 
260409-1701 260409-1701_2_3 19.488 0.047 38.6151 38.8025 10.9 23.3 19.49 106.75 
260409-1701 260409-1701_2_4 19.490 0.029 38.5479 38.7352 11.0 26.6 19.48 114.32 
260409-1701 260409-1701_2_5 19.500 0.023 38.5639 38.7509 11.0 23.3 19.50 109.15 
260409-1701 260409-1701_2_6 19.495 0.022 38.5494 38.7366 11.3 25.0 19.49 113.27 
260409-1701 260409-1701_2_7 19.514 0.022 38.5439 38.7305 11.0 22.5 19.52 113.39 
260409-1701 260409-1701_2_8 19.508 0.023 38.6201 38.8069 11.0 23.7 19.51 110.91 
260409-1701 260409-1701_2_9 19.520 0.020 38.5940 38.7803 11.0 23.9 19.52 109.73 
260409-1701 260409-1701_2_10 19.523 0.024 38.6096 38.7958 11.1 24.5 19.52 113.89 
260409-1701 260409-1701_2_11 19.533 0.033 38.6255 38.8114 11.1 23.6 19.53 112.21 
260409-1701 260409-1701_2_12 19.539 0.031 38.6392 38.8248 11.1 23.8 19.54 109.83 
260409-1701 260409-1701_2_13 19.549 0.037 38.5958 38.7812 11.1 23.3 19.55 111.34 
260409-1701 260409-1701_2_14 19.553 0.037 38.6162 38.8014 11.2 23.8 19.55 112.62 
260409-1701 260409-1701_2_15 19.555 0.039 38.5550 38.7402 11.2 25.2 19.55 111.59 
260409-1701 260409-1701_2_16 19.559 0.043 38.5488 38.7338 11.2 22.8 19.56 111.00 
260409-1701 260409-1701_2_17 19.568 0.045 38.6253 38.8100 11.2 26.2 19.57 111.02 
260409-1701 260409-1701_2_18 19.576 0.057 38.6251 38.8095 11.3 23.6 19.58 110.98 
260409-1701 260409-1701_2_19 19.586 0.051 38.6341 38.8182 11.3 22.6 19.59 110.56 
260409-1701 260409-1701_3_0 19.398 0.039 38.5330 38.7234 11.3 23.9 19.40 113.43 
260409-1701 260409-1701_3_1 19.490 0.037 38.5843 38.7716 11.0 22.9 19.49 108.39 
260409-1701 260409-1701_3_2 19.480 0.043 38.5747 38.7623 10.9 24.4 19.48 113.58 
260409-1701 260409-1701_3_3 19.482 0.041 38.5804 38.7680 10.9 23.1 19.48 106.71 
260409-1701 260409-1701_3_4 19.490 0.033 38.5491 38.7364 11.0 21.1 19.49 113.27 
260409-1701 260409-1701_3_5 19.494 0.025 38.6007 38.7879 11.0 22.2 19.49 113.81 
260409-1701 260409-1701_3_6 19.500 0.020 38.5515 38.7385 11.0 23.2 19.50 113.41 
260409-1701 260409-1701_3_7 19.512 0.024 38.5661 38.7527 11.0 22.0 19.52 112.66 
260409-1701 260409-1701_3_8 19.512 0.019 38.6170 38.8036 11.0 24.5 19.51 112.31 
260409-1701 260409-1701_3_9 19.515 0.015 38.6093 38.7958 11.0 22.3 19.52 108.75 
260409-1701 260409-1701_3_10 19.523 0.024 38.5840 38.7702 11.1 22.4 19.52 112.77 
260409-1701 260409-1701_3_11 19.533 0.029 38.6122 38.7981 11.0 25.1 19.53 113.06 
260409-1701 260409-1701_3_12 19.541 0.033 38.6170 38.8026 11.1 22.6 19.54 110.75 
260409-1701 260409-1701_3_13 19.545 0.033 38.5589 38.7444 11.1 23.5 19.54 111.03 
260409-1701 260409-1701_3_14 19.551 0.035 38.5824 38.7677 11.1 22.0 19.55 113.36 
260409-1701 260409-1701_3_15 19.556 0.034 38.6265 38.8116 11.2 23.1 19.55 112.06 
260409-1701 260409-1701_3_16 19.562 0.040 38.6082 38.7931 11.2 24.3 19.56 111.22 
260409-1701 260409-1701_3_17 19.566 0.043 38.6127 38.7974 11.2 25.3 19.57 111.30 
260409-1701 260409-1701_3_18 19.578 0.051 38.6294 38.8138 11.6 27.4 19.57 111.13 
260409-1701 260409-1701_3_19 19.586 0.051 38.6359 38.8199 11.3 28.9 19.59 110.91 
260409-1701 260409-1701_4_0 19.408 0.045 38.5455 38.7357 11.3 23.1 19.41 112.69 
260409-1701 260409-1701_4_1 19.496 0.039 38.5232 38.7104 10.9 22.9 19.50 109.56 
260409-1701 260409-1701_4_2 19.483 0.045 38.5867 38.7743 11.0 26.3 19.48 113.16 
260409-1701 260409-1701_4_3 19.486 0.041 38.5850 38.7725 10.9 24.2 19.48 105.11 
260409-1701 260409-1701_4_4 19.494 0.037 38.5977 38.7849 11.0 23.4 19.50 113.88 
260409-1701 260409-1701_4_5 19.491 0.022 38.5692 38.7565 11.0 24.0 19.49 113.37 
260409-1701 260409-1701_4_6 19.496 0.024 38.6000 38.7871 10.9 21.4 19.50 113.41 
260409-1701 260409-1701_4_7 19.508 0.023 38.5881 38.7748 11.0 24.4 19.51 112.78 
260409-1701 260409-1701_4_8 19.514 0.026 38.5349 38.7214 10.9 22.7 19.51 109.05 
260409-1701 260409-1701_4_9 19.514 0.018 38.6130 38.7996 11.0 22.2 19.51 113.55 
260409-1701 260409-1701_4_10 19.521 0.026 38.6018 38.7880 11.1 26.2 19.52 112.64 
260409-1701 260409-1701_4_11 19.527 0.031 38.6088 38.7949 11.1 27.9 19.52 112.69 
260409-1701 260409-1701_4_12 19.537 0.029 38.5671 38.7529 11.1 25.8 19.54 110.11 
260409-1701 260409-1701_4_13 19.547 0.035 38.6318 38.8172 11.1 24.7 19.54 110.89 
260409-1701 260409-1701_4_14 19.549 0.037 38.6148 38.8001 11.2 22.7 19.55 111.88 
260409-1701 260409-1701_4_15 19.552 0.030 38.6389 38.8241 11.2 25.9 19.55 111.80 
260409-1701 260409-1701_4_16 19.560 0.038 38.6087 38.7937 11.2 26.5 19.56 110.89 
260409-1701 260409-1701_4_17 19.561 0.041 38.6059 38.7908 11.2 27.4 19.56 110.61 
260409-1701 260409-1701_4_18 19.580 0.053 38.6160 38.8003 11.3 25.9 19.58 111.82 
260409-1701 260409-1701_4_19 19.590 0.051 38.5623 38.7462 11.3 23.2 19.59 111.35 
260409-1701 260409-1701_5_0 19.412 0.041 38.5636 38.7536 11.3 27.8 19.41 112.96 
260409-1701 260409-1701_5_1 19.492 0.039 38.6000 38.7873 11.0 24.9 19.49 112.94 
260409-1701 260409-1701_5_2 19.486 0.045 38.6050 38.7924 10.9 24.0 19.48 105.84 
260409-1701 260409-1701_5_3 19.486 0.041 38.5492 38.7367 10.9 24.0 19.49 108.88 
260409-1701 260409-1701_5_4 19.496 0.031 38.5939 38.7810 11.0 22.5 19.49 112.95 
260409-1701 260409-1701_5_5 19.486 0.019 38.5500 38.7375 10.9 21.9 19.48 113.26 
260409-1701 260409-1701_5_6 19.490 0.026 38.5261 38.7134 10.9 23.1 19.48 112.72 
260409-1701 260409-1701_5_7 19.510 0.029 38.5686 38.7553 11.0 23.8 19.51 113.01 
260409-1701 260409-1701_5_8 19.510 0.026 38.5728 38.7595 11.3 22.4 19.51 108.81 
260409-1701 260409-1701_5_9 19.516 0.024 38.5707 38.7571 11.0 24.8 19.51 113.01 
260409-1701 260409-1701_5_10 19.520 0.027 38.5790 38.7653 11.0 23.2 19.52 114.35 
260409-1701 260409-1701_5_11 19.527 0.031 38.5894 38.7755 11.0 26.0 19.53 112.15 
260409-1701 260409-1701_5_12 19.533 0.033 38.6084 38.7943 11.1 25.8 19.54 112.49 
260409-1701 260409-1701_5_13 19.549 0.037 38.6051 38.7905 11.1 22.0 19.55 110.83 
260409-1701 260409-1701_5_14 19.549 0.037 38.5999 38.7853 11.2 25.6 19.55 111.86 
260409-1701 260409-1701_5_15 19.549 0.033 38.6382 38.8235 11.5 25.4 19.55 111.31 
260409-1701 260409-1701_5_16 19.558 0.036 38.5983 38.7833 11.2 26.7 19.56 111.22 
260409-1701 260409-1701_5_17 19.568 0.045 38.5565 38.7412 11.2 29.1 19.57 110.80 
260409-1701 260409-1701_5_18 19.582 0.051 38.6051 38.7893 11.2 26.5 19.58 111.21 
260409-1701 260409-1701_5_19 19.590 0.051 38.5640 38.7479 11.3 23.2 19.59 111.68 
260409-1701 260409-1701_6_0 19.418 0.039 38.5979 38.7877 11.6 22.2 19.42 105.91 
260409-1701 260409-1701_6_1 19.498 0.045 38.5812 38.7683 11.0 24.3 19.50 113.97 
260409-1701 260409-1701_6_2 19.485 0.046 38.6234 38.8109 11.0 22.4 19.48 110.69 
260409-1701 260409-1701_6_3 19.486 0.041 38.5941 38.7816 10.9 24.2 19.48 106.30 
260409-1701 260409-1701_6_4 19.490 0.037 38.5852 38.7726 11.0 24.1 19.49 113.42 
260409-1701 260409-1701_6_5 19.488 0.031 38.5545 38.7419 11.0 23.7 19.49 114.27 
260409-1701 260409-1701_6_6 19.494 0.025 38.5506 38.7378 11.0 22.5 19.50 113.61 
260409-1701 260409-1701_6_7 19.508 0.023 38.5521 38.7388 11.0 24.5 19.51 112.63 
260409-1701 260409-1701_6_8 19.506 0.022 38.5899 38.7767 11.0 24.2 19.51 108.92 
260409-1701 260409-1701_6_9 19.516 0.024 38.5732 38.7597 11.0 26.1 19.51 114.32 
260409-1701 260409-1701_6_10 19.514 0.026 38.6020 38.7885 11.1 22.1 19.51 112.89 
260409-1701 260409-1701_6_11 19.525 0.033 38.6149 38.8011 11.1 23.2 19.52 113.09 
260409-1701 260409-1701_6_12 19.533 0.033 38.6031 38.7889 11.1 22.3 19.53 112.37 
260409-1701 260409-1701_6_13 19.545 0.041 38.5867 38.7722 11.1 24.1 19.55 112.20 
260409-1701 260409-1701_6_14 19.541 0.033 38.5604 38.7460 11.4 24.8 19.54 111.40 
260409-1701 260409-1701_6_15 19.545 0.033 38.6147 38.8002 11.1 24.4 19.55 110.86 
260409-1701 260409-1701_6_16 19.557 0.037 38.6247 38.8097 11.5 23.3 19.55 111.45 
260409-1701 260409-1701_6_17 19.562 0.047 38.6109 38.7958 11.2 22.8 19.56 111.81 
260409-1701 260409-1701_6_18 19.572 0.045 38.5955 38.7800 11.2 24.7 19.57 111.07 
260409-1701 260409-1701_6_19 19.580 0.049 38.5850 38.7693 11.3 24.3 19.58 111.11 
260409-1701 260409-1701_7_0 19.426 0.035 38.6003 38.7898 11.2 21.5 19.43 106.69 
260409-1701 260409-1701_7_1 19.492 0.043 38.5290 38.7163 11.0 25.4 19.50 113.61 
260409-1701 260409-1701_7_2 19.483 0.045 38.5754 38.7630 10.9 21.9 19.48 112.41 
260409-1701 260409-1701_7_3 19.483 0.045 38.5748 38.7624 10.9 24.9 19.48 105.99 
260409-1701 260409-1701_7_4 19.488 0.031 38.5440 38.7314 10.9 21.7 19.49 113.29 
260409-1701 260409-1701_7_5 19.488 0.035 38.5635 38.7509 11.0 22.6 19.49 113.26 
260409-1701 260409-1701_7_6 19.492 0.023 38.5649 38.7521 11.0 21.6 19.49 114.44 
260409-1701 260409-1701_7_7 19.510 0.029 38.5584 38.7450 11.0 21.0 19.51 113.57 
260409-1701 260409-1701_7_8 19.508 0.023 38.5499 38.7366 11.0 23.0 19.51 108.84 
260409-1701 260409-1701_7_9 19.510 0.026 38.5733 38.7599 11.4 24.3 19.51 112.95 
260409-1701 260409-1701_7_10 19.518 0.030 38.5894 38.7758 11.0 24.5 19.52 113.45 
260409-1701 260409-1701_7_11 19.522 0.030 38.5852 38.7714 11.1 26.7 19.52 109.82 
260409-1701 260409-1701_7_12 19.527 0.031 38.6075 38.7936 11.1 23.4 19.53 112.70 
260409-1701 260409-1701_7_13 19.545 0.037 38.5735 38.7589 11.1 22.8 19.54 110.84 
260409-1701 260409-1701_7_14 19.541 0.037 38.5615 38.7471 11.2 23.5 19.54 111.76 
260409-1701 260409-1701_7_15 19.543 0.035 38.5890 38.7746 11.1 21.6 19.54 111.20 
260409-1701 260409-1701_7_16 19.551 0.039 38.6431 38.8284 11.2 22.8 19.55 111.99 
260409-1701 260409-1701_7_17 19.562 0.047 38.6174 38.8023 11.2 25.0 19.56 111.29 
260409-1701 260409-1701_7_18 19.574 0.047 38.5984 38.7829 11.3 26.9 19.57 111.54 
260409-1701 260409-1701_7_19 19.580 0.053 38.5842 38.7685 11.3 22.5 19.58 111.23 
260409-1701 260409-1701_8_0 19.430 0.035 38.5486 38.7380 11.3 22.1 19.43 112.27 
260409-1701 260409-1701_8_1 19.490 0.045 38.5218 38.7091 11.0 22.4 19.49 113.42 
260409-1701 260409-1701_8_2 19.478 0.045 38.5643 38.7521 10.9 21.2 19.47 112.37 
260409-1701 260409-1701_8_3 19.480 0.039 38.6098 38.7975 10.9 23.4 19.48 105.30 
260409-1701 260409-1701_8_4 19.490 0.037 38.5378 38.7252 10.9 23.0 19.49 113.47 
260409-1701 260409-1701_8_5 19.485 0.031 38.5642 38.7518 10.9 23.0 19.48 112.62 
260409-1701 260409-1701_8_6 19.494 0.025 38.5593 38.7465 11.0 22.7 19.50 113.30 
260409-1701 260409-1701_8_7 19.502 0.025 38.5413 38.7283 10.9 23.4 19.50 113.00 
260409-1701 260409-1701_8_8 19.508 0.024 38.5937 38.7804 11.0 23.5 19.50 108.92 
260409-1701 260409-1701_8_9 19.510 0.026 38.6138 38.8005 11.1 24.7 19.51 111.56 
260409-1701 260409-1701_8_10 19.514 0.033 38.5983 38.7849 11.4 23.4 19.51 114.19 
260409-1701 260409-1701_8_11 19.520 0.032 38.6010 38.7874 11.0 22.1 19.52 109.32 
260409-1701 260409-1701_8_12 19.522 0.034 38.6259 38.8122 11.1 21.2 19.53 109.86 
260409-1701 260409-1701_8_13 19.539 0.035 38.5632 38.7489 11.1 22.0 19.54 111.18 
260409-1701 260409-1701_8_14 19.539 0.039 38.6012 38.7869 11.1 24.9 19.54 111.01 
260409-1701 260409-1701_8_15 19.543 0.035 38.5998 38.7853 11.2 25.0 19.54 111.19 
260409-1701 260409-1701_8_16 19.549 0.041 38.6436 38.8289 11.2 20.9 19.55 111.90 
260409-1701 260409-1701_8_17 19.559 0.043 38.6370 38.8220 11.2 24.9 19.56 111.24 
260409-1701 260409-1701_8_18 19.572 0.049 38.5620 38.7465 11.2 21.0 19.57 111.02 
260409-1701 260409-1701_8_19 19.580 0.057 38.5975 38.7818 11.3 24.2 19.58 111.70 
260409-1701 260409-1701_9_0 19.435 0.038 38.5526 38.7418 11.2 23.4 19.44 113.08 
260409-1701 260409-1701_9_1 19.490 0.045 38.5291 38.7165 10.9 22.3 19.49 114.00 
260409-1701 260409-1701_9_2 19.480 0.043 38.5422 38.7298 10.9 23.4 19.48 113.18 
260409-1701 260409-1701_9_3 19.479 0.034 38.6075 38.7952 10.9 21.7 19.48 108.50 
260409-1701 260409-1701_9_4 19.486 0.041 38.5815 38.7690 11.0 25.1 19.48 112.21 
260409-1701 260409-1701_9_5 19.492 0.024 38.5950 38.7823 10.9 23.1 19.49 113.06 
260409-1701 260409-1701_9_6 19.492 0.023 38.5935 38.7807 11.0 21.7 19.50 113.55 
260409-1701 260409-1701_9_7 19.502 0.025 38.5733 38.7602 11.0 23.7 19.50 112.57 
260409-1701 260409-1701_9_8 19.508 0.023 38.5677 38.7544 11.0 23.4 19.51 112.86 
260409-1701 260409-1701_9_9 19.506 0.029 38.5692 38.7560 11.0 24.7 19.51 112.88 
260409-1701 260409-1701_9_10 19.512 0.031 38.6174 38.8040 11.1 25.7 19.51 112.34 
260409-1701 260409-1701_9_11 19.518 0.034 38.6367 38.8231 11.1 23.6 19.52 112.61 
260409-1701 260409-1701_9_12 19.527 0.031 38.6221 38.8081 11.1 22.8 19.52 110.06 
260409-1701 260409-1701_9_13 19.539 0.039 38.6148 38.8004 11.1 22.9 19.54 112.09 
260409-1701 260409-1701_9_14 19.535 0.035 38.5850 38.7708 11.1 24.0 19.54 111.21 
260409-1701 260409-1701_9_15 19.539 0.039 38.5571 38.7427 11.1 23.0 19.54 110.88 
260409-1701 260409-1701_9_16 19.547 0.039 38.6288 38.8142 11.1 24.7 19.55 111.86 
260409-1701 260409-1701_9_17 19.559 0.047 38.6398 38.8248 11.2 25.9 19.55 110.49 
260409-1701 260409-1701_9_18 19.576 0.053 38.5778 38.7622 11.2 22.3 19.58 110.85 
260409-1701 260409-1701_9_19 19.584 0.057 38.5940 38.7781 11.3 24.3 19.58 110.90 
260409-1701 260409-1701_10_0 19.441 0.036 38.5188 38.7078 11.4 24.9 19.44 114.28 
260409-1701 260409-1701_10_1 19.490 0.041 38.5380 38.7253 10.9 22.3 19.49 113.08 
260409-1701 260409-1701_10_2 19.479 0.041 38.5379 38.7257 10.9 22.1 19.48 114.08 
260409-1701 260409-1701_10_3 19.477 0.039 38.5463 38.7341 10.9 19.8 19.47 110.15 
260409-1701 260409-1701_10_4 19.494 0.045 38.5807 38.7679 11.0 24.4 19.49 111.44 
260409-1701 260409-1701_10_5 19.490 0.026 38.6118 38.7991 10.9 24.3 19.49 107.92 
260409-1701 260409-1701_10_6 19.489 0.024 38.6118 38.7992 11.0 23.5 19.49 113.41 
260409-1701 260409-1701_10_7 19.496 0.024 38.6110 38.7981 11.0 22.4 19.49 112.27 
260409-1701 260409-1701_10_8 19.506 0.029 38.6197 38.8065 11.0 22.3 19.50 113.12 
260409-1701 260409-1701_10_9 19.508 0.031 38.5420 38.7287 11.0 22.9 19.50 109.33 
260409-1701 260409-1701_10_10 19.508 0.031 38.5818 38.7685 11.0 22.4 19.51 112.90 
260409-1701 260409-1701_10_11 19.521 0.037 38.6163 38.8025 11.1 24.9 19.52 113.10 
260409-1701 260409-1701_10_12 19.523 0.039 38.5649 38.7511 11.0 22.4 19.52 110.84 
260409-1701 260409-1701_10_13 19.537 0.041 38.5923 38.7780 11.1 26.4 19.54 111.85 
260409-1701 260409-1701_10_14 19.531 0.039 38.6141 38.8001 11.1 22.4 19.54 111.39 
260409-1701 260409-1701_10_15 19.539 0.043 38.5567 38.7424 11.1 24.2 19.54 111.55 
260409-1701 260409-1701_10_16 19.543 0.039 38.5921 38.7776 11.2 24.8 19.54 111.86 
260409-1701 260409-1701_10_17 19.553 0.049 38.6316 38.8168 11.2 26.1 19.55 111.58 
260409-1701 260409-1701_10_18 19.575 0.059 38.6379 38.8224 11.3 23.9 19.57 111.14 
260409-1701 260409-1701_10_19 19.580 0.064 38.6316 38.8159 11.4 25.2 19.59 110.72 
260409-1701 260409-1701_11_0 19.443 0.037 38.6164 38.8053 11.1 23.4 19.45 105.47 
260409-1701 260409-1701_11_1 19.485 0.046 38.5694 38.7570 11.0 21.7 19.48 112.10 
260409-1701 260409-1701_11_2 19.479 0.041 38.5360 38.7237 10.9 23.2 19.47 113.53 
260409-1701 260409-1701_11_3 19.480 0.043 38.6131 38.8007 11.2 21.2 19.48 111.96 
260409-1701 260409-1701_11_4 19.492 0.043 38.5673 38.7545 10.9 24.1 19.49 109.10 
260409-1701 260409-1701_11_5 19.485 0.031 38.5997 38.7872 11.0 21.7 19.49 106.76 
260409-1701 260409-1701_11_6 19.488 0.025 38.5458 38.7332 10.9 20.9 19.48 109.24 
260409-1701 260409-1701_11_7 19.492 0.024 38.5731 38.7603 10.9 21.1 19.49 112.83 
260409-1701 260409-1701_11_8 19.504 0.031 38.5938 38.7807 11.0 24.5 19.50 109.26 
260409-1701 260409-1701_11_9 19.500 0.031 38.5529 38.7399 11.0 24.1 19.50 109.63 
260409-1701 260409-1701_11_10 19.506 0.033 38.5471 38.7339 11.0 23.3 19.51 106.67 
260409-1701 260409-1701_11_11 19.514 0.037 38.5756 38.7621 11.0 22.5 19.51 112.43 
260409-1701 260409-1701_11_12 19.523 0.039 38.5559 38.7421 11.0 23.8 19.52 111.24 
260409-1701 260409-1701_11_13 19.535 0.035 38.5684 38.7543 11.1 24.2 19.53 112.35 
260409-1701 260409-1701_11_14 19.533 0.041 38.6348 38.8206 11.1 24.8 19.53 110.55 
260409-1701 260409-1701_11_15 19.531 0.043 38.5736 38.7595 11.1 23.5 19.53 111.28 
260409-1701 260409-1701_11_16 19.539 0.047 38.6105 38.7961 11.2 27.5 19.54 111.39 
260409-1701 260409-1701_11_17 19.557 0.045 38.6281 38.8132 11.2 23.3 19.55 111.39 
260409-1701 260409-1701_11_18 19.572 0.061 38.6007 38.7852 11.3 26.2 19.57 111.02 
260409-1701 260409-1701_11_19 19.582 0.066 38.6375 38.8217 11.3 27.1 19.58 110.28 
260409-1701 260409-1701_12_0 19.451 0.033 38.6036 38.7923 11.1 22.6 19.45 106.17 
260409-1701 260409-1701_12_1 19.485 0.046 38.5719 38.7595 11.2 23.1 19.49 112.08 
260409-1701 260409-1701_12_2 19.479 0.041 38.5474 38.7351 10.9 21.7 19.48 113.65 
260409-1701 260409-1701_12_3 19.480 0.039 38.5723 38.7600 11.2 23.7 19.48 112.22 
260409-1701 260409-1701_12_4 19.492 0.028 38.6130 38.8003 10.9 24.5 19.49 106.02 
260409-1701 260409-1701_12_5 19.486 0.026 38.6093 38.7968 11.0 21.7 19.48 112.36 
260409-1701 260409-1701_12_6 19.489 0.019 38.5714 38.7587 10.9 24.0 19.48 109.07 
260409-1701 260409-1701_12_7 19.496 0.027 38.5511 38.7382 11.0 22.3 19.50 113.10 
260409-1701 260409-1701_12_8 19.504 0.027 38.5485 38.7354 10.9 23.5 19.50 108.69 
260409-1701 260409-1701_12_9 19.500 0.031 38.5795 38.7665 11.1 21.5 19.50 113.39 
260409-1701 260409-1701_12_10 19.510 0.037 38.5780 38.7647 11.0 21.7 19.51 109.25 
260409-1701 260409-1701_12_11 19.514 0.037 38.6244 38.8109 11.1 25.3 19.51 112.74 
260409-1701 260409-1701_12_12 19.521 0.041 38.5861 38.7724 11.1 22.7 19.52 110.96 
260409-1701 260409-1701_12_13 19.531 0.039 38.6139 38.7999 11.1 23.8 19.53 112.89 
260409-1701 260409-1701_12_14 19.531 0.039 38.6397 38.8256 11.1 22.2 19.53 112.27 
260409-1701 260409-1701_12_15 19.535 0.043 38.6040 38.7898 11.4 22.7 19.54 111.31 
260409-1701 260409-1701_12_16 19.543 0.051 38.6308 38.8163 11.2 24.3 19.54 110.94 
260409-1701 260409-1701_12_17 19.551 0.051 38.6264 38.8117 11.2 23.8 19.55 112.06 
260409-1701 260409-1701_12_18 19.578 0.062 38.6118 38.7962 11.3 26.0 19.58 111.99 
260409-1701 260409-1701_12_19 19.584 0.068 38.6482 38.8323 11.4 26.9 19.58 110.87 
260409-1701 260409-1701_13_0 19.457 0.035 38.6136 38.8020 11.1 22.0 19.45 107.26 
260409-1701 260409-1701_13_1 19.485 0.047 38.5816 38.7691 11.0 22.8 19.48 113.17 
260409-1701 260409-1701_13_2 19.475 0.045 38.5917 38.7796 10.9 25.4 19.47 113.99 
260409-1701 260409-1701_13_3 19.479 0.041 38.5424 38.7301 10.9 22.6 19.47 113.67 
260409-1701 260409-1701_13_4 19.490 0.029 38.6097 38.7970 11.0 21.0 19.49 106.80 
260409-1701 260409-1701_13_5 19.483 0.030 38.5991 38.7867 11.0 24.7 19.48 113.66 
260409-1701 260409-1701_13_6 19.486 0.026 38.6226 38.8101 11.0 22.1 19.48 109.13 
260409-1701 260409-1701_13_7 19.496 0.020 38.5584 38.7455 11.0 22.1 19.49 113.38 
260409-1701 260409-1701_13_8 19.498 0.033 38.5636 38.7506 11.0 24.7 19.50 113.34 
260409-1701 260409-1701_13_9 19.502 0.033 38.5969 38.7838 11.0 22.2 19.50 112.99 
260409-1701 260409-1701_13_10 19.510 0.041 38.6252 38.8118 11.0 21.9 19.51 108.93 
260409-1701 260409-1701_13_11 19.512 0.039 38.6001 38.7867 11.1 26.1 19.51 112.91 
260409-1701 260409-1701_13_12 19.521 0.041 38.6307 38.8170 11.1 23.6 19.52 110.61 
260409-1701 260409-1701_13_13 19.535 0.043 38.6412 38.8271 11.1 21.8 19.54 112.19 
260409-1701 260409-1701_13_14 19.529 0.045 38.6327 38.8188 11.1 26.3 19.53 112.93 
260409-1701 260409-1701_13_15 19.533 0.049 38.5905 38.7764 11.1 22.3 19.53 111.00 
260409-1701 260409-1701_13_16 19.549 0.053 38.6333 38.8187 11.6 21.8 19.55 111.02 
260409-1701 260409-1701_13_17 19.551 0.051 38.6378 38.8230 11.2 22.0 19.55 110.99 
260409-1701 260409-1701_13_18 19.575 0.059 38.5966 38.7810 11.2 22.5 19.57 111.60 
260409-1701 260409-1701_13_19 19.578 0.066 38.6352 38.8195 11.3 23.7 19.58 109.82 
260409-1701 260409-1701_14_0 19.457 0.043 38.5750 38.7634 11.1 19.8 19.46 113.12 
260409-1701 260409-1701_14_1 19.482 0.037 38.5640 38.7516 10.9 23.0 19.48 113.68 
260409-1701 260409-1701_14_2 19.471 0.045 38.6088 38.7968 11.2 23.4 19.47 112.88 
260409-1701 260409-1701_14_3 19.480 0.043 38.5503 38.7380 10.9 24.5 19.48 113.22 
260409-1701 260409-1701_14_4 19.477 0.024 38.5372 38.7250 10.9 24.1 19.48 110.51 
260409-1701 260409-1701_14_5 19.479 0.022 38.5429 38.7306 10.9 23.5 19.48 113.28 
260409-1701 260409-1701_14_6 19.484 0.024 38.6077 38.7953 11.0 24.0 19.48 107.47 
260409-1701 260409-1701_14_7 19.492 0.023 38.5647 38.7519 11.0 21.3 19.49 112.86 
260409-1701 260409-1701_14_8 19.492 0.028 38.6141 38.8014 11.0 23.7 19.49 112.85 
260409-1701 260409-1701_14_9 19.500 0.031 38.6206 38.8076 11.0 25.0 19.50 113.79 
260409-1701 260409-1701_14_10 19.504 0.035 38.5698 38.7567 11.0 22.2 19.50 110.32 
260409-1701 260409-1701_14_11 19.512 0.035 38.5504 38.7370 11.1 23.6 19.51 110.26 
260409-1701 260409-1701_14_12 19.518 0.041 38.6018 38.7882 11.1 24.0 19.52 112.81 
260409-1701 260409-1701_14_13 19.527 0.039 38.6471 38.8332 11.1 23.5 19.53 111.05 
260409-1701 260409-1701_14_14 19.527 0.050 38.5962 38.7822 11.1 23.3 19.53 112.29 
260409-1701 260409-1701_14_15 19.539 0.047 38.6174 38.8031 11.2 22.4 19.54 111.53 
260409-1701 260409-1701_14_16 19.543 0.051 38.6032 38.7888 11.2 23.1 19.54 111.38 
260409-1701 260409-1701_14_17 19.551 0.051 38.6430 38.8283 11.3 23.2 19.55 111.78 
260409-1701 260409-1701_14_18 19.576 0.068 38.6049 38.7893 11.2 24.1 19.57 111.01 
260409-1701 260409-1701_14_19 19.580 0.064 38.6133 38.7975 11.4 22.9 19.58 109.93 
260409-1701 260409-1701_15_0 19.463 0.041 38.5708 38.7590 11.1 22.6 19.46 112.62 
260409-1701 260409-1701_15_1 19.483 0.045 38.5389 38.7265 10.9 24.1 19.48 113.46 
260409-1701 260409-1701_15_2 19.477 0.046 38.5442 38.7320 10.9 24.9 19.48 109.94 
260409-1701 260409-1701_15_3 19.479 0.037 38.5982 38.7859 11.0 20.9 19.48 113.54 
260409-1701 260409-1701_15_4 19.479 0.022 38.5875 38.7753 10.9 22.7 19.48 108.69 
260409-1701 260409-1701_15_5 19.473 0.020 38.5464 38.7343 10.9 23.2 19.47 113.14 
260409-1701 260409-1701_15_6 19.482 0.022 38.6284 38.8160 11.0 22.3 19.48 107.54 
260409-1701 260409-1701_15_7 19.486 0.026 38.5887 38.7762 11.0 20.9 19.49 112.90 
260409-1701 260409-1701_15_8 19.494 0.025 38.5988 38.7860 11.0 24.9 19.49 109.06 
260409-1701 260409-1701_15_9 19.494 0.033 38.6159 38.8031 11.4 24.9 19.49 108.83 
260409-1701 260409-1701_15_10 19.506 0.037 38.6100 38.7967 11.0 22.9 19.50 108.91 
260409-1701 260409-1701_15_11 19.514 0.045 38.6075 38.7940 11.0 23.3 19.52 109.40 
260409-1701 260409-1701_15_12 19.518 0.045 38.5888 38.7752 11.1 24.4 19.52 112.51 
260409-1701 260409-1701_15_13 19.529 0.041 38.6436 38.8297 11.2 24.5 19.54 112.13 
260409-1701 260409-1701_15_14 19.530 0.053 38.6004 38.7864 11.2 24.0 19.53 111.77 
260409-1701 260409-1701_15_15 19.532 0.054 38.6463 38.8322 11.2 22.2 19.53 111.97 
260409-1701 260409-1701_15_16 19.541 0.053 38.5993 38.7849 11.2 25.1 19.54 112.37 
260409-1701 260409-1701_15_17 19.550 0.063 38.5974 38.7827 11.2 22.4 19.55 110.70 
260409-1701 260409-1701_15_18 19.576 0.068 38.5921 38.7765 11.3 24.1 19.58 112.04 
260409-1701 260409-1701_15_19 19.586 0.070 38.6087 38.7927 11.3 25.8 19.59 111.13 
260409-1701 260409-1701_16_0 19.477 0.051 38.5397 38.7275 11.1 27.3 19.48 113.67 
260409-1701 260409-1701_16_1 19.480 0.050 38.5541 38.7417 10.9 20.2 19.48 112.61 
260409-1701 260409-1701_16_2 19.477 0.046 38.5890 38.7768 10.9 23.1 19.48 108.49 
260409-1701 260409-1701_16_3 19.474 0.030 38.6058 38.7936 10.9 24.5 19.47 112.69 
260409-1701 260409-1701_16_4 19.477 0.024 38.6181 38.8059 10.9 23.7 19.48 107.37 
260409-1701 260409-1701_16_5 19.473 0.020 38.5473 38.7352 10.9 22.0 19.47 113.87 
260409-1701 260409-1701_16_6 19.480 0.020 38.5313 38.7190 10.9 23.4 19.48 110.94 
260409-1701 260409-1701_16_7 19.490 0.029 38.6206 38.8079 11.4 23.9 19.49 111.98 
260409-1701 260409-1701_16_8 19.492 0.028 38.5793 38.7666 11.0 23.2 19.49 109.21 
260409-1701 260409-1701_16_9 19.496 0.031 38.5735 38.7607 11.0 24.9 19.50 110.06 
260409-1701 260409-1701_16_10 19.500 0.035 38.6082 38.7952 11.3 23.3 19.50 108.79 
260409-1701 260409-1701_16_11 19.510 0.049 38.6242 38.8109 11.0 23.4 19.51 109.44 
260409-1701 260409-1701_16_12 19.525 0.045 38.5966 38.7828 11.1 24.3 19.53 112.30 
260409-1701 260409-1701_16_13 19.529 0.041 38.6019 38.7879 11.1 26.0 19.53 112.05 
260409-1701 260409-1701_16_14 19.529 0.057 38.6330 38.8190 11.2 23.1 19.53 111.85 
260409-1701 260409-1701_16_15 19.533 0.053 38.6404 38.8263 11.2 24.6 19.53 111.25 
260409-1701 260409-1701_16_16 19.549 0.057 38.5644 38.7497 11.2 23.5 19.55 111.60 
260409-1701 260409-1701_16_17 19.549 0.068 38.5989 38.7842 11.2 26.0 19.55 111.13 
260409-1701 260409-1701_16_18 19.572 0.072 38.5848 38.7693 11.3 28.0 19.57 111.14 
260409-1701 260409-1701_16_19 19.588 0.072 38.5899 38.7739 11.3 24.8 19.59 111.07 
260409-1701 260409-1701_17_0 19.479 0.049 38.5277 38.7154 11.0 22.7 19.48 110.11 
260409-1701 260409-1701_17_1 19.479 0.053 38.5840 38.7717 10.9 22.8 19.48 111.79 
260409-1701 260409-1701_17_2 19.480 0.050 38.6118 38.7995 10.9 22.9 19.48 108.11 
260409-1701 260409-1701_17_3 19.475 0.041 38.6191 38.8069 11.0 24.6 19.47 112.59 
260409-1701 260409-1701_17_4 19.477 0.016 38.6176 38.8054 10.9 22.9 19.48 105.96 
260409-1701 260409-1701_17_5 19.471 0.022 38.5607 38.7487 11.1 24.0 19.47 112.72 
260409-1701 260409-1701_17_6 19.479 0.022 38.5771 38.7649 10.9 21.0 19.48 108.97 
260409-1701 260409-1701_17_7 19.486 0.022 38.6187 38.8062 11.0 23.0 19.49 111.35 
260409-1701 260409-1701_17_8 19.490 0.029 38.6021 38.7895 11.0 25.1 19.49 108.93 
260409-1701 260409-1701_17_9 19.496 0.035 38.6082 38.7953 11.3 25.6 19.50 113.90 
260409-1701 260409-1701_17_10 19.500 0.039 38.5828 38.7698 11.0 21.7 19.50 109.30 
260409-1701 260409-1701_17_11 19.508 0.043 38.6200 38.8067 11.0 24.4 19.51 112.67 
260409-1701 260409-1701_17_12 19.522 0.049 38.5478 38.7341 11.1 23.5 19.52 112.13 
260409-1701 260409-1701_17_13 19.530 0.053 38.6010 38.7870 11.1 23.5 19.53 112.01 
260409-1701 260409-1701_17_14 19.532 0.054 38.5539 38.7398 11.2 26.8 19.53 113.29 
260409-1701 260409-1701_17_15 19.537 0.057 38.6375 38.8232 11.2 23.4 19.54 112.36 
260409-1701 260409-1701_17_16 19.545 0.064 38.5590 38.7445 11.2 24.8 19.55 110.84 
260409-1701 260409-1701_17_17 19.547 0.070 38.5533 38.7387 11.1 23.4 19.54 110.36 
260409-1701 260409-1701_17_18 19.572 0.076 38.5597 38.7443 11.2 26.7 19.57 110.86 
260409-1701 260409-1701_17_19 19.588 0.080 38.5738 38.7578 11.3 26.2 19.59 110.68 
260409-1701 260409-1701_18_0 19.482 0.049 38.5725 38.7601 11.3 25.5 19.48 108.61 
260409-1701 260409-1701_18_1 19.473 0.047 38.5991 38.7870 10.9 22.1 19.47 111.19 
260409-1701 260409-1701_18_2 19.485 0.055 38.6083 38.7958 10.9 19.6 19.49 105.88 
260409-1701 260409-1701_18_3 19.480 0.047 38.5974 38.7851 10.9 23.5 19.48 113.79 
260409-1701 260409-1701_18_4 19.474 0.026 38.6166 38.8044 10.9 23.4 19.48 107.76 
260409-1701 260409-1701_18_5 19.474 0.030 38.5826 38.7705 11.0 24.5 19.47 112.42 
260409-1701 260409-1701_18_6 19.474 0.018 38.6102 38.7981 11.0 21.4 19.47 108.78 
260409-1701 260409-1701_18_7 19.486 0.026 38.6042 38.7916 11.0 23.7 19.49 112.77 
260409-1701 260409-1701_18_8 19.492 0.035 38.5960 38.7833 11.0 22.6 19.49 113.17 
260409-1701 260409-1701_18_9 19.490 0.029 38.5502 38.7375 11.0 22.1 19.49 112.97 
260409-1701 260409-1701_18_10 19.498 0.041 38.5907 38.7777 11.0 24.9 19.50 108.98 
260409-1701 260409-1701_18_11 19.508 0.039 38.6085 38.7952 11.1 21.8 19.51 112.51 
260409-1701 260409-1701_18_12 19.523 0.054 38.5623 38.7485 11.1 20.3 19.52 110.88 
260409-1701 260409-1701_18_13 19.526 0.053 38.6184 38.8046 11.1 21.6 19.53 113.30 
260409-1701 260409-1701_18_14 19.532 0.054 38.6358 38.8217 11.2 23.3 19.53 112.01 
260409-1701 260409-1701_18_15 19.538 0.061 38.6497 38.8355 11.2 23.5 19.54 111.69 
260409-1701 260409-1701_18_16 19.545 0.064 38.5706 38.7561 11.2 24.3 19.54 111.04 
260409-1701 260409-1701_18_17 19.557 0.076 38.5797 38.7648 11.5 21.7 19.56 111.18 
260409-1701 260409-1701_18_18 19.576 0.084 38.5712 38.7556 11.3 26.9 19.57 111.40 
260409-1701 260409-1701_18_19 19.592 0.088 38.6428 38.8267 11.4 25.1 19.59 109.65 
260409-1701 260409-1701_19_0 19.488 0.055 38.5968 38.7842 11.0 23.0 19.49 108.03 
260409-1701 260409-1701_19_1 19.467 0.034 38.6110 38.7991 10.9 20.5 19.46 106.31 
260409-1701 260409-1701_19_2 19.473 0.043 38.6232 38.8111 10.9 20.3 19.47 105.04 
260409-1701 260409-1701_19_3 19.479 0.045 38.5457 38.7334 11.2 24.7 19.48 113.37 
260409-1701 260409-1701_19_4 19.479 0.026 38.6133 38.8010 10.9 22.1 19.48 106.71 
260409-1701 260409-1701_19_5 19.473 0.027 38.6202 38.8082 11.0 23.1 19.47 112.23 
260409-1701 260409-1701_19_6 19.482 0.026 38.5930 38.7806 11.0 20.7 19.48 108.69 
260409-1701 260409-1701_19_7 19.490 0.037 38.6043 38.7917 11.0 22.7 19.49 112.87 
260409-1701 260409-1701_19_8 19.488 0.028 38.5754 38.7628 11.0 22.3 19.49 113.70 
260409-1701 260409-1701_19_9 19.490 0.037 38.6096 38.7969 11.0 20.4 19.49 113.26 
260409-1701 260409-1701_19_10 19.500 0.039 38.5488 38.7358 11.0 22.1 19.50 110.62 
260409-1701 260409-1701_19_11 19.508 0.043 38.5943 38.7810 11.1 22.9 19.50 112.52 
260409-1701 260409-1701_19_12 19.518 0.049 38.6103 38.7967 11.1 21.7 19.52 111.85 
260409-1701 260409-1701_19_13 19.527 0.055 38.6325 38.8186 11.1 22.2 19.52 112.59 
260409-1701 260409-1701_19_14 19.532 0.062 38.6370 38.8230 11.1 22.7 19.53 111.86 
260409-1701 260409-1701_19_15 19.545 0.068 38.6395 38.8249 11.2 22.8 19.54 111.94 
260409-1701 260409-1701_19_16 19.547 0.074 38.6223 38.8077 11.2 23.2 19.55 112.15 
260409-1701 260409-1701_19_17 19.559 0.078 38.5961 38.7811 11.2 23.8 19.56 110.66 
260409-1701 260409-1701_19_18 19.582 0.082 38.5770 38.7612 11.3 24.0 19.58 111.48 
260409-1701 260409-1701_19_19 19.594 0.086 38.6426 38.8264 11.4 22.0 19.59 109.42 
260409-1701 260409-1701_20_0 19.473 0.039 38.5487 38.7366 11.0 25.6 19.47 110.42 
260409-1701 260409-1701_20_1 19.463 0.025 38.6205 38.8088 10.9 20.6 19.46 106.85 
260409-1701 260409-1701_20_2 19.463 0.025 38.6120 38.8002 10.9 24.1 19.46 105.52 
260409-1701 260409-1701_20_3 19.473 0.031 38.5469 38.7348 10.9 21.9 19.47 114.14 
260409-1701 260409-1701_20_4 19.474 0.026 38.6266 38.8145 11.0 22.8 19.47 108.54 
260409-1701 260409-1701_20_5 19.471 0.026 38.6101 38.7981 11.0 24.5 19.47 107.25 
260409-1701 260409-1701_20_6 19.490 0.041 38.5689 38.7562 10.9 23.1 19.49 108.63 
260409-1701 260409-1701_20_7 19.490 0.029 38.5654 38.7527 11.0 23.2 19.49 112.78 
260409-1701 260409-1701_20_8 19.488 0.031 38.5757 38.7631 11.0 22.3 19.48 113.11 
260409-1701 260409-1701_20_9 19.490 0.033 38.6132 38.8005 11.3 25.0 19.49 108.72 
260409-1701 260409-1701_20_10 19.504 0.051 38.6170 38.8039 11.0 22.8 19.50 112.17 
260409-1701 260409-1701_20_11 19.508 0.047 38.6041 38.7908 11.1 23.2 19.51 112.72 
260409-1701 260409-1701_20_12 19.521 0.053 38.6347 38.8210 11.2 23.1 19.52 110.40 
260409-1701 260409-1701_20_13 19.526 0.057 38.5738 38.7600 11.4 22.7 19.52 111.53 
260409-1701 260409-1701_20_14 19.535 0.066 38.6406 38.8264 11.1 23.7 19.54 111.02 
260409-1701 260409-1701_20_15 19.549 0.072 38.6242 38.8095 11.2 25.3 19.55 112.08 
260409-1701 260409-1701_20_16 19.549 0.084 38.6380 38.8233 11.2 24.0 19.55 111.37 
260409-1701 260409-1701_20_17 19.568 0.084 38.6248 38.8095 11.2 23.5 19.57 111.90 
260409-1701 260409-1701_20_18 19.582 0.082 38.5793 38.7636 11.3 24.4 19.59 112.16 
260409-1701 260409-1701_20_19 19.594 0.086 38.6162 38.8000 11.3 25.5 19.59 109.91 
260409-1701 260409-1701_21_0 19.471 0.029 38.6095 38.7975 11.0 22.5 19.47 106.99 
260409-1701 260409-1701_21_1 19.469 0.043 38.5941 38.7821 10.9 22.7 19.46 111.29 
260409-1701 260409-1701_21_2 19.467 0.025 38.5885 38.7766 10.9 23.7 19.46 108.74 
260409-1701 260409-1701_21_3 19.475 0.037 38.5618 38.7496 10.9 22.1 19.47 112.31 
260409-1701 260409-1701_21_4 19.488 0.048 38.5767 38.7641 10.9 23.0 19.48 108.74 
260409-1701 260409-1701_21_5 19.477 0.024 38.6256 38.8134 11.0 22.4 19.48 112.45 
260409-1701 260409-1701_21_6 19.484 0.032 38.5917 38.7792 11.0 24.2 19.48 108.80 
260409-1701 260409-1701_21_7 19.490 0.037 38.5427 38.7301 11.0 20.9 19.49 113.25 
260409-1701 260409-1701_21_8 19.490 0.033 38.6196 38.8069 11.1 24.2 19.49 111.68 
260409-1701 260409-1701_21_9 19.488 0.035 38.6053 38.7928 11.0 23.6 19.49 109.04 
260409-1701 260409-1701_21_10 19.508 0.051 38.6036 38.7903 11.1 24.6 19.51 112.84 
260409-1701 260409-1701_21_11 19.515 0.062 38.5575 38.7440 11.1 27.2 19.52 111.37 
260409-1701 260409-1701_21_12 19.523 0.059 38.6301 38.8163 11.1 23.4 19.52 113.36 
260409-1701 260409-1701_21_13 19.537 0.068 38.5735 38.7593 11.1 23.2 19.54 112.26 
260409-1701 260409-1701_21_14 19.537 0.068 38.6344 38.8202 11.1 23.1 19.54 111.14 
260409-1701 260409-1701_21_15 19.547 0.078 38.6167 38.8021 11.2 22.3 19.55 111.10 
260409-1701 260409-1701_21_16 19.553 0.080 38.6382 38.8234 11.2 27.5 19.55 111.54 
260409-1701 260409-1701_21_17 19.567 0.094 38.6137 38.7985 11.2 22.8 19.57 111.03 
260409-1701 260409-1701_21_18 19.590 0.090 38.5868 38.7707 11.3 25.3 19.59 111.07 
260409-1701 260409-1701_21_19 19.598 0.090 38.5662 38.7499 11.6 24.3 19.60 106.09 
260409-1701 260409-1701_22_0 19.471 0.033 38.6134 38.8014 11.0 21.4 19.47 108.21 
260409-1701 260409-1701_22_1 19.463 0.037 38.5862 38.7744 10.9 20.7 19.46 112.11 
260409-1701 260409-1701_22_2 19.471 0.033 38.6242 38.8122 10.9 21.7 19.47 106.41 
260409-1701 260409-1701_22_3 19.479 0.041 38.6069 38.7947 10.9 22.6 19.48 112.54 
260409-1701 260409-1701_22_4 19.484 0.039 38.5367 38.7242 10.9 22.2 19.48 110.77 
260409-1701 260409-1701_22_5 19.478 0.030 38.5670 38.7548 10.9 20.6 19.47 112.59 
260409-1701 260409-1701_22_6 19.494 0.049 38.5507 38.7379 10.9 22.3 19.49 108.72 
260409-1701 260409-1701_22_7 19.488 0.035 38.5883 38.7757 11.0 24.6 19.49 113.81 
260409-1701 260409-1701_22_8 19.490 0.037 38.6251 38.8124 11.1 24.4 19.49 110.96 
260409-1701 260409-1701_22_9 19.496 0.043 38.6187 38.8058 11.0 24.3 19.50 113.32 
260409-1701 260409-1701_22_10 19.508 0.051 38.5677 38.7545 11.0 26.9 19.50 112.47 
260409-1701 260409-1701_22_11 19.520 0.063 38.6173 38.8037 11.1 22.9 19.52 112.69 
260409-1701 260409-1701_22_12 19.529 0.061 38.5901 38.7761 11.1 23.1 19.53 112.20 
260409-1701 260409-1701_22_13 19.541 0.076 38.5917 38.7773 11.1 22.6 19.54 110.94 
260409-1701 260409-1701_22_14 19.541 0.069 38.5966 38.7822 11.2 22.8 19.54 110.62 
260409-1701 260409-1701_22_15 19.555 0.082 38.6064 38.7916 11.2 23.3 19.55 111.30 
260409-1701 260409-1701_22_16 19.555 0.090 38.6305 38.8157 11.2 25.5 19.55 110.84 
260409-1701 260409-1701_22_17 19.567 0.089 38.5818 38.7665 11.2 24.9 19.57 110.61 
260409-1701 260409-1701_22_18 19.594 0.101 38.6007 38.7845 11.7 25.6 19.59 111.58 
260409-1701 260409-1701_22_19 19.605 0.098 38.5711 38.7545 11.3 21.6 19.61 110.86 
