260409-1701_0_0 4 400 37.9895 19.3931 0.0019518 38.1801 0.00983675 3.75364 -3574.18 94.0834 799127
260409-1701_0_10 4 400 37.9832 19.5161 0.00279455 38.1696 0.0103816 1.03959 -3520.28 92.6801 831686
260409-1701_0_11 4 400 37.9823 19.5216 0.00276026 38.1686 0.0144787 1.43357 -3522.8 92.7482 826690
260409-1701_0_12 4 400 37.9626 19.5326 0.00198806 38.1485 0.00931781 3.17362 -3545.56 93.3961 825173
260409-1701_0_1 4 400 37.9358 19.4877 0.00236039 38.1232 0.0146344 3.05421 -3565.48 93.987 803563
260409-1701_0_13 4 400 38.0064 19.5439 0.00254484 38.1919 0.014066 0.577067 -3560.5 93.6816 822051
260409-1701_0_14 4 400 38.0044 19.5481 0.00146385 38.1898 0.00958405 3.54562 -3571.27 93.9699 827629
260409-1701_0_15 4 400 37.9973 19.5509 0.00106904 38.1825 0.00920868 0.895934 -3561.14 93.721 829415
260409-1701_0_16 4 400 38.0069 19.5589 0.00302372 38.1919 0.0126533 1.82951 -3540.89 93.1643 822875
260409-1701_0_17 4 400 38.0136 19.556 0.00163299 38.1987 0.0138998 0.764014 -3533.99 92.9664 834960
260409-1701_0_18 4 400 37.9735 19.574 0.0011547 38.158 0.0162767 0.694495 -3538.18 93.1749 829728
260409-1701_0_19 4 400 37.9926 19.5929 0.00279455 38.1764 0.0134783 1.42872 -3536.18 93.0753 831656
260409-1701_0_2 4 400 37.9121 19.4754 0.00139728 38.1 0.00844339 2.21648 -3571.19 94.1965 796438
260409-1701_0_3 4 400 38.0029 19.4809 0.00254484 38.1906 0.0152527 1.4878 -3564.2 93.7876 804039
260409-1701_0_4 4 400 38.0093 19.4863 0.00269037 38.1968 0.00772628 3.46506 -3571.25 93.9572 827628
260409-1701_0_5 4 400 38.01 19.4914 0.00222539 38.1973 0.0101245 2.54499 -3600.99 94.7377 829213
260409-1701_0_6 4 400 37.9128 19.4886 0.00190238 38.1001 0.0159312 0.980573 -3541.38 93.4085 818180
260409-1701_0_7 4 400 37.9649 19.5049 0.00285357 38.1518 0.0164119 1.07267 -3544.89 93.3724 826141
260409-1701_0_8 4 400 37.9501 19.5033 0.00197605 38.137 0.00951717 1.08536 -3540.64 93.2972 810371
260409-1701_0_9 4 400 37.9809 19.5087 0.00269037 38.1676 0.0109753 1.73948 -3571.1 94.0237 815698
260409-1701_10_0 4 400 37.9151 19.441 0.00163299 38.1041 0.00866905 2.07128 -3559.89 93.8911 803216
260409-1701_10_10 4 400 37.9702 19.507 0.00163299 38.157 0.0147181 0.784762 -3545.32 93.371 820396
260409-1701_10_11 4 400 37.9925 19.5156 0.00151186 38.1789 0.0120983 0.849895 -3521.87 92.6991 822037
260409-1701_10_12 4 400 37.9517 19.5239 0.00226779 38.1379 0.00973936 1.29893 -3552.62 93.609 829652
260409-1701_10_1 4 400 37.9144 19.485 0.00129099 38.102 0.014321 1.24602 -3542.73 93.4399 802335
260409-1701_10_13 4 400 37.9831 19.5364 0.00269921 38.1689 0.0184299 0.489831 -3554.82 93.5891 830430
260409-1701_10_14 4 400 37.9885 19.5327 0.0029277 38.1743 0.00959714 2.24394 -3543.74 93.2847 840961
260409-1701_10_15 4 400 37.9588 19.535 0.001 38.1446 0.00604864 1.92024 -3565.85 93.9401 821206
260409-1701_10_16 4 400 37.9892 19.5456 0.00250713 38.1747 0.00837368 2.82668 -3550.91 93.4715 836879
260409-1701_10_17 4 400 38.0622 19.5553 0.0011127 38.2473 0.007944 2.33048 -3587.84 94.2626 829591
260409-1701_10_18 4 400 38.0678 19.5726 0.00190238 38.2523 0.00691689 2.28948 -3592.01 94.358 828729
260409-1701_10_19 4 400 38.0313 19.5823 0.00330224 38.2155 0.00880545 3.36685 -3566.51 93.7783 823818
260409-1701_10_2 4 400 37.9295 19.4751 0.00167616 38.1174 0.00947679 1.44162 -3546.3 93.497 813074
260409-1701_1_0 4 400 37.9923 19.3923 0.00188982 38.1829 0.0128095 1.66058 -3576.8 94.1454 801189
260409-1701_10_3 4 400 37.938 19.4763 0.00125357 38.1258 0.00909316 2.10444 -3550.8 93.5948 813063
260409-1701_10_4 4 400 37.9735 19.4909 0.00106904 38.1608 0.0142993 2.79979 -3568.46 93.9723 826811
260409-1701_10_5 4 400 38.0074 19.4857 0.00314718 38.1949 0.010326 1.90537 -3574.69 94.0523 817002
260409-1701_10_6 4 400 38.011 19.4871 0.0019518 38.1984 0.0100932 1.06329 -3571.32 93.9548 824637
260409-1701_10_7 4 400 38.03 19.4966 0.00250713 38.2171 0.0122161 1.85513 -3566 93.7681 830057
260409-1701_10_8 4 400 38.0258 19.5013 0.00213809 38.2128 0.00983856 2.37994 -3553.08 93.4388 829999
260409-1701_10_9 4 400 37.9239 19.5029 0.00177281 38.1108 0.0161899 1.04936 -3556.19 93.7716 829229
260409-1701_1_10 4 400 37.9571 19.5187 0.00269037 38.1435 0.0125406 2.07916 -3548 93.4737 841431
260409-1701_11_0 4 400 37.9875 19.4407 0.00138013 38.1765 0.00729469 1.60855 -3549.77 93.4459 781829
260409-1701_11_10 4 400 37.9367 19.5043 0.0011127 38.1235 0.0163751 1.17777 -3577.15 94.2925 774880
260409-1701_11_11 4 400 37.9633 19.5133 0.00125357 38.1498 0.0137187 0.848275 -3533.31 93.0717 811259
260409-1701_11_12 4 400 37.9433 19.5213 0.00138013 38.1296 0.00487059 5.34782 -3550.15 93.5646 800279
260409-1701_1_11 4 400 38.0472 19.5301 0.00323669 38.2332 0.00973299 2.4049 -3565.19 93.7043 820673
260409-1701_11_1 4 400 37.9461 19.487 0.00251661 38.1335 0.00765247 0.848897 -3546.48 93.4611 804346
260409-1701_11_13 4 400 37.9361 19.5319 0.0019518 38.1221 0.00964709 0.741237 -3522.82 92.8617 800038
260409-1701_11_14 4 400 38.0339 19.5331 0.00146385 38.2198 0.00663325 3.78226 -3567.53 93.7987 814726
260409-1701_11_15 4 400 37.9579 19.5301 0.0019518 38.1439 0.0144407 0.824165 -3544.54 93.3805 807547
260409-1701_11_16 4 400 38.0135 19.5419 0.0019518 38.1991 0.00958593 2.08275 -3562.85 93.7258 814325
260409-1701_11_17 4 400 38.0164 19.5524 0.00250713 38.2016 0.016364 1.28852 -3542.15 93.1741 817963
260409-1701_11_18 4 400 38.0341 19.5746 0.00222539 38.2185 0.011202 1.71732 -3585.95 94.2825 804362
260409-1701_11_19 4 400 38.0352 19.58 0.00163299 38.2195 0.0089923 1.56159 -3563.18 93.6811 807993
260409-1701_1_12 4 400 38.0354 19.5361 0.00134519 38.2211 0.0111741 2.1888 -3554.31 93.4474 825734
260409-1701_11_2 4 400 37.9406 19.4736 0.00127242 38.1285 0.0136956 2.02873 -3560.92 93.8553 793321
260409-1701_1_1 4 400 37.9824 19.4923 0.00138013 38.1697 0.00821309 4.03002 -3544.65 93.3235 797718
260409-1701_1_13 4 400 37.9677 19.5476 0.00151186 38.153 0.0171305 0.898754 -3542.5 93.3029 832689
260409-1701_11_3 4 400 38.0344 19.4771 0.0020354 38.2221 0.01286 1.13107 -3593.07 94.4691 804414
260409-1701_1_14 4 400 38.0376 19.5509 0.00273426 38.2229 0.00732938 3.84676 -3570.02 93.855 826799
260409-1701_11_4 4 400 37.952 19.492 0.002 38.1392 0.00890401 1.16288 -3555.59 93.6865 787036
260409-1701_1_15 4 400 37.987 19.5574 0.00263674 38.1721 0.00869992 2.34698 -3546.86 93.3704 823945
260409-1701_11_5 4 400 37.9853 19.4851 0.00157359 38.1728 0.00848489 2.03969 -3573.36 94.0723 809233
260409-1701_1_16 4 400 38.0011 19.559 0.00223607 38.1861 0.0110687 2.45551 -3534.42 93.0084 823500
260409-1701_11_6 4 400 37.9497 19.4817 0.00213809 38.1373 0.014317 2.40367 -3568.13 94.0228 800452
260409-1701_1_17 4 400 38.024 19.5603 0.00138013 38.2089 0.0139578 1.96401 -3542.47 93.1642 827275
260409-1701_11_7 4 400 37.9446 19.4931 0.00254484 38.1318 0.0175126 1.36846 -3524.68 92.8899 800230
260409-1701_1_18 4 400 37.9989 19.574 0.00163299 38.1834 0.00782221 2.48907 -3554.2 93.5343 835394
260409-1701_11_8 4 400 37.9734 19.5017 0.00170434 38.1604 0.00839346 3.03495 -3549.96 93.4853 803552
260409-1701_1_19 4 400 38.0107 19.589 0.002 38.1946 0.00720936 2.26019 -3555.85 93.5487 833108
260409-1701_11_9 4 400 37.9456 19.4984 0.00161835 38.1327 0.0116211 2.36942 -3558.79 93.7864 802933
260409-1701_12_0 4 400 37.999 19.4487 0.00213809 38.1878 0.0152718 1.66635 -3566.4 93.8548 791405
260409-1701_12_10 4 400 37.9844 19.5043 0.00138013 38.1713 0.0108 1.35301 -3579.82 94.2444 790258
260409-1701_12_11 4 400 38.0153 19.5117 0.00188982 38.2019 0.00825442 5.88095 -3542.33 93.1815 791643
260409-1701_12_12 4 400 37.9745 19.5193 0.0029277 38.1608 0.0184755 0.49017 -3554.73 93.6085 808327
260409-1701_12_1 4 400 37.9948 19.4857 0.0029277 38.1823 0.00930322 2.50603 -3584.66 94.346 800842
260409-1701_12_13 4 400 38.0102 19.5317 0.00236039 38.1961 0.013291 2.70394 -3546.18 93.2955 806701
260409-1701_12_14 4 400 38.0282 19.5306 0.00139728 38.2142 0.0130112 1.2778 -3538.61 93.0522 812542
260409-1701_12_15 4 400 37.9687 19.5327 0.00138013 38.1546 0.0171477 1.00347 -3533.33 93.0588 802092
260409-1701_12_16 4 400 38.015 19.5413 0.00213809 38.2006 0.0135651 1.95014 -3552.44 93.4483 813891
260409-1701_12_17 4 400 38.0203 19.5507 0.00160357 38.2056 0.0139858 0.416075 -3542.38 93.1707 818931
260409-1701_12_18 4 400 37.9974 19.578 0.0023094 38.1817 0.0102284 0.945068 -3544.96 93.295 813824
260409-1701_12_19 4 400 38.0299 19.5829 0.00106904 38.2141 0.009294 2.0096 -3551.53 93.3878 809179
260409-1701_12_2 4 400 37.9307 19.473 0.00173205 38.1186 0.0167196 0.655784 -3544.05 93.4345 809761
260409-1701_1_2 4 400 37.9404 19.4794 0.00151186 38.1281 0.0097051 1.70264 -3557.02 93.7528 808525
260409-1701_12_3 4 400 37.9462 19.4761 0.00234013 38.134 0.0141137 0.378058 -3540.46 93.302 796448
260409-1701_12_4 4 400 37.9913 19.4897 0.00242997 38.1787 0.00700026 0.702197 -3561.91 93.7558 797657
260409-1701_12_5 4 400 37.9853 19.4797 0.00179947 38.173 0.0124795 0.40133 -3553.49 93.5492 796207
260409-1701_12_6 4 400 37.9605 19.4854 0.00250713 38.148 0.0111592 0.698848 -3561.13 93.8114 799415
260409-1701_12_7 4 400 37.9702 19.4951 0.0019518 38.1574 0.0101386 1.09683 -3563.22 93.8427 797293
260409-1701_12_8 4 400 37.9466 19.5006 0.00151186 38.1336 0.0134848 1.86281 -3569.14 94.0568 787428
260409-1701_12_9 4 400 37.9687 19.496 0.00163299 38.1558 0.00850529 2.6393 -3545.73 93.3855 790699
260409-1701_13_0 4 400 38.0197 19.455 0.00365148 38.2083 0.00959458 1.20709 -3578.73 94.1283 807384
260409-1701_13_10 4 400 38.0288 19.5037 0.00170434 38.2157 0.0106543 1.00836 -3581.99 94.1914 805330
260409-1701_13_11 4 400 37.98 19.508 0.0023094 38.1667 0.00764442 0.939432 -3539.29 93.1883 811575
260409-1701_13_12 4 400 38.0071 19.5181 0.00157359 38.1935 0.00945353 0.936103 -3549.07 93.379 815719
260409-1701_13_1 4 400 37.947 19.4811 0.00157359 38.1346 0.0131712 1.0152 -3539.73 93.2808 821251
260409-1701_13_13 4 400 38.0353 19.531 0.00163299 38.2212 0.0153288 1.69633 -3549.66 93.3256 808652
260409-1701_13_14 4 400 38.0168 19.5276 0.00151186 38.2029 0.015513 0.549308 -3534.48 92.9713 801800
260409-1701_13_15 4 400 37.9828 19.5327 0.00213809 38.1687 0.0102659 2.30091 -3548.35 93.4199 810529
260409-1701_13_16 4 400 38.0366 19.5467 0.00213809 38.222 0.0106878 1.99075 -3572.88 93.9326 815810
260409-1701_13_17 4 400 38.0123 19.5501 0.00167616 38.1976 0.00906174 3.64472 -3532.08 92.9191 820413
260409-1701_13_18 4 400 38.0272 19.5749 0.00226779 38.2117 0.00717107 2.001 -3581.22 94.1752 819540
260409-1701_13_19 4 400 38.0165 19.5823 0.00205866 38.2007 0.00995657 2.3481 -3551.86 93.4293 808866
260409-1701_13_2 4 400 37.9641 19.471 0.00351188 38.1521 0.0122696 1.02573 -3538.63 93.2098 813754
260409-1701_1_3 4 400 38.0078 19.4829 0.00106904 38.1954 0.0148584 1.69719 -3566.09 93.825 806547
260409-1701_13_3 4 400 37.9214 19.4783 0.00138013 38.1092 0.0174062 0.721165 -3542.88 93.4267 807200
260409-1701_13_4 4 400 38.0145 19.4837 0.00269037 38.2021 0.0104019 1.49933 -3587.43 94.37 801073
260409-1701_13_5 4 400 37.9984 19.4769 0.00302372 38.1862 0.0101489 1.5154 -3568.91 93.9225 810079
260409-1701_13_6 4 400 38.0265 19.4837 0.00138013 38.214 0.00660504 2.36744 -3565.14 93.7541 804480
260409-1701_13_7 4 400 37.9533 19.4911 0.00157359 38.1406 0.0140414 1.34051 -3544.72 93.3967 802250
260409-1701_13_8 4 400 37.9657 19.4957 0.00354562 38.1528 0.011016 1.17592 -3554.32 93.6192 804014
260409-1701_13_9 4 400 37.9893 19.4986 0.00151186 38.1763 0.0100972 1.98332 -3540.96 93.2096 799035
260409-1701_14_0 4 400 37.956 19.4601 0.0019518 38.1444 0.0138131 1.02394 -3549.76 93.5228 827084
260409-1701_14_10 4 400 37.9648 19.5031 0.00254484 38.1517 0.00674091 1.16432 -3563.37 93.8599 808995
260409-1701_14_11 4 400 37.9535 19.5106 0.00151186 38.1401 0.00703609 3.52898 -3569.74 94.0558 807279
260409-1701_14_12 4 400 37.9713 19.5173 0.00138013 38.1577 0.00918479 0.858614 -3521.66 92.7452 808716
260409-1701_14_1 4 400 37.9575 19.4747 0.00205866 38.1454 0.00835988 2.68695 -3549.12 93.5023 827797
260409-1701_14_13 4 400 38.0178 19.5259 0.00226779 38.2039 0.0162965 0.650591 -3542.7 93.185 811722
260409-1701_14_14 4 400 38.0093 19.5261 0.00157359 38.1954 0.0160757 1.22705 -3572.07 93.9789 815984
260409-1701_14_15 4 400 38.0296 19.534 0.00208167 38.2154 0.00424636 2.1374 -3561.07 93.6396 823163
260409-1701_14_16 4 400 37.9814 19.5399 0.0019518 38.167 0.0130344 0.409195 -3537.99 93.1505 823994
260409-1701_14_17 4 400 37.994 19.547 0.00152753 38.1794 0.00863599 0.778534 -3512.15 92.4396 821246
260409-1701_14_18 4 400 38.0209 19.5737 0.0029277 38.2054 0.0152937 0.938493 -3575.47 94.0395 815373
260409-1701_14_19 4 400 38.0058 19.5794 0.00222539 38.1901 0.0159395 0.359361 -3554.85 93.5342 811528
260409-1701_14_2 4 400 38.014 19.471 0.00223607 38.202 0.0104199 2.78824 -3573.23 93.9976 819461
260409-1701_1_4 4 400 37.9896 19.4877 0.00179947 38.1771 0.0106825 2.31092 -3576.74 94.1503 828134
260409-1701_14_3 4 400 37.9656 19.476 0.00305505 38.1534 0.0070928 2.9471 -3569.09 94.0084 818935
260409-1701_14_4 4 400 37.9307 19.4809 0.0019518 38.1183 0.010705 1.6642 -3548.55 93.5534 814256
260409-1701_14_5 4 400 37.9653 19.4751 0.00226779 38.1531 0.00837249 1.27295 -3577.8 94.2388 814760
260409-1701_14_6 4 400 38.0117 19.4797 0.00242997 38.1994 0.00749991 3.14157 -3579.17 94.1596 819967
260409-1701_14_7 4 400 37.9612 19.4903 0.00179947 38.1486 0.00739683 1.35568 -3551.35 93.5521 818104
260409-1701_14_8 4 400 38.0185 19.4954 0.00190238 38.2057 0.0102868 2.06726 -3554.35 93.49 818026
260409-1701_14_9 4 400 37.9852 19.4951 0.00254484 38.1724 0.0178554 0.77843 -3515.84 92.558 810198
260409-1701_15_0 4 400 37.9634 19.4697 0.00249762 38.1515 0.0079253 2.6757 -3567.33 93.9677 787770
260409-1701_15_10 4 400 38.0009 19.5034 0.00181265 38.1877 0.00704673 1.40623 -3570.24 93.9515 811561
260409-1701_15_11 4 400 37.9785 19.5119 0.00106904 38.1651 0.00898376 2.5327 -3546.69 93.3866 822377
260409-1701_15_12 4 400 37.9728 19.5193 0.00138013 38.1591 0.0101111 1.46112 -3537.26 93.1524 815844
260409-1701_15_1 4 400 37.9328 19.4789 0.00157359 38.1205 0.00775481 2.17819 -3550.41 93.5975 791106
260409-1701_15_13 4 400 38.0479 19.5264 0.00151186 38.234 0.00796471 3.23783 -3569.66 93.8201 811130
260409-1701_15_14 4 400 37.9876 19.5264 0.00276026 38.1737 0.0126758 0.786766 -3551.1 93.4803 809054
260409-1701_15_15 4 400 38.0244 19.5341 0.00226779 38.2103 0.016728 0.41163 -3530.29 92.8424 826505
260409-1701_15_16 4 400 37.9931 19.5434 0.00293582 38.1786 0.0113595 1.37142 -3543.5 93.267 823799
260409-1701_15_17 4 400 38.0206 19.552 0.00382971 38.2059 0.00465098 6.26774 -3574.69 94.0197 822399
260409-1701_15_18 4 400 37.9562 19.5777 0.00213809 38.1406 0.0103456 1.19644 -3523.65 92.8345 819537
260409-1701_15_19 4 400 37.9951 19.5874 0.00161835 38.1792 0.0114129 1.06469 -3548.09 93.3826 802102
260409-1701_15_2 4 400 37.9185 19.4734 0.00151186 38.1064 0.0178443 0.464822 -3539.18 93.3363 787784
260409-1701_1_5 4 400 38.0287 19.4937 0.00213809 38.2159 0.0111622 1.93975 -3581.62 94.1821 819675
260409-1701_15_3 4 400 37.9861 19.4781 0.00186445 38.1738 0.0106735 0.370882 -3558.88 93.6891 793622
260409-1701_15_4 4 400 37.9919 19.4766 0.00190238 38.1797 0.00803278 2.42189 -3573.53 94.0604 805927
260409-1701_15_5 4 400 37.9443 19.4723 0.00213809 38.1322 0.0135375 1.47728 -3552.74 93.6304 819302
260409-1701_15_6 4 400 38.0121 19.4757 0.00335233 38.1999 0.00444001 2.40008 -3566.47 93.8246 799351
260409-1701_15_7 4 400 37.9916 19.4877 0.00138013 38.179 0.0133906 0.853705 -3558.57 93.6672 810268
260409-1701_15_8 4 400 38.0037 19.4917 0.00269037 38.191 0.00714436 4.91329 -3569.17 93.9162 807088
260409-1701_15_9 4 400 38.0048 19.4966 0.00276026 38.1919 0.0105628 0.686439 -3575.68 94.0849 808057
260409-1701_16_0 4 400 37.9403 19.4733 0.00125357 38.1283 0.00921901 1.82671 -3570.6 94.1108 807961
260409-1701_16_10 4 400 37.9828 19.4989 0.00323669 38.1698 0.0123878 0.739074 -3552.45 93.5279 822439
260409-1701_16_11 4 400 37.9947 19.5069 0.0019518 38.1815 0.0112914 0.705026 -3545.97 93.3281 821879
260409-1701_16_12 4 400 37.9882 19.5219 0.00157359 38.1745 0.00634101 1.11339 -3555.64 93.5983 816868
260409-1701_16_1 4 400 37.9533 19.4814 0.00190238 38.141 0.00709607 3.75887 -3562.76 93.872 820688
260409-1701_16_13 4 400 37.9882 19.5247 0.00179947 38.1744 0.00746797 2.00523 -3552.22 93.5085 813328
260409-1701_16_14 4 400 38.0306 19.5261 0.00157359 38.2167 0.00967879 2.42818 -3566.97 93.7921 815296
260409-1701_16_15 4 400 38.0241 19.537 0.00163299 38.2098 0.00571528 2.07464 -3535.22 92.9731 834192
260409-1701_16_16 4 400 37.9599 19.5434 0.00127242 38.1455 0.0150704 0.935292 -3559.3 93.7646 813185
260409-1701_16_17 4 400 37.9691 19.5477 0.00213809 38.1544 0.00961723 1.61429 -3537.99 93.1809 805837
260409-1701_16_18 4 400 38.0016 19.5729 0.00279455 38.1861 0.0112687 4.04571 -3578.22 94.1599 816534
260409-1701_16_19 4 400 37.9896 19.5901 0.00254484 38.1736 0.00593275 3.60319 -3558.12 93.6603 822696
260409-1701_16_2 4 400 37.972 19.4749 0.00302372 38.1598 0.0122679 1.31228 -3555.31 93.6297 817019
260409-1701_1_6 4 400 37.9478 19.4906 0.00320713 38.1351 0.0129899 1.65733 -3548.41 93.5075 835332
260409-1701_16_3 4 400 37.9866 19.4717 0.00256348 38.1745 0.0103557 1.59274 -3558.13 93.668 796922
260409-1701_16_4 4 400 38.0003 19.4714 0.00151186 38.1882 0.0114349 1.75039 -3556.56 93.5931 811822
260409-1701_16_5 4 400 37.9392 19.4694 0.00299205 38.1272 0.00935037 2.0918 -3545.85 93.4614 819330
260409-1701_16_6 4 400 37.9339 19.4771 0.00106904 38.1217 0.00777686 2.00148 -3560.99 93.8734 819491
260409-1701_16_7 4 400 37.9798 19.4854 0.00222539 38.1673 0.0228312 0.557162 -3531.86 92.993 810573
260409-1701_16_8 4 400 37.9703 19.4911 0.00157359 38.1576 0.0110985 0.818554 -3558.8 93.7259 814145
260409-1701_16_9 4 400 37.9769 19.4949 0.00157359 38.164 0.0102598 1.18497 -3570.95 94.0296 814273
260409-1701_17_0 4 400 37.9137 19.4774 0.00299205 38.1014 0.00781345 1.59677 -3549.09 93.6098 801003
260409-1701_17_10 4 400 37.9848 19.497 0.00270801 38.1719 0.00844537 1.83983 -3572.54 94.052 821430
260409-1701_17_11 4 400 38.0259 19.5063 0.00213809 38.2127 0.00744677 2.9884 -3545.02 93.2264 831539
260409-1701_17_12 4 400 37.9626 19.5187 0.00242997 38.1489 0.0136483 1.24305 -3566.32 93.9431 818146
260409-1701_17_1 4 400 37.9557 19.478 0.00351188 38.1434 0.0136549 0.577864 -3543.81 93.3669 812493
260409-1701_17_13 4 400 37.9968 19.5259 0.00302372 38.1829 0.014474 1.30859 -3551.17 93.4597 818581
260409-1701_17_14 4 400 37.9719 19.5236 0.00250713 38.1581 0.00737437 3.74101 -3553.31 93.5773 825027
260409-1701_17_15 4 400 38.0221 19.5381 0.0019518 38.2078 0.0155982 0.757399 -3530.46 92.8531 830237
260409-1701_17_16 4 400 37.9513 19.542 0.00294392 38.1369 0.0151463 1.20174 -3553.46 93.6322 812315
260409-1701_17_17 4 400 37.9442 19.5529 0.00219306 38.1294 0.00848397 2.4094 -3556.05 93.7179 809861
260409-1701_17_18 4 400 37.9623 19.5786 0.00151186 38.1466 0.00891332 4.34951 -3560.2 93.7825 820809
260409-1701_17_19 4 400 37.9466 19.5874 0.00181265 38.1306 0.0127151 0.600523 -3537.55 93.2243 815717
260409-1701_17_2 4 400 37.9789 19.4794 0.00222539 38.1666 0.0134162 1.24803 -3541.77 93.2563 821778
260409-1701_1_7 4 400 38.0147 19.509 0.0011547 38.2014 0.00630061 2.36909 -3575.59 94.0582 815587
260409-1701_17_3 4 400 38.0122 19.4806 0.00250713 38.1998 0.00927473 0.914001 -3567.2 93.8436 813041
260409-1701_17_4 4 400 37.9904 19.4706 0.00299205 38.1784 0.0102711 0.890314 -3557.11 93.6318 810523
260409-1701_17_5 4 400 37.9534 19.47 0.0023094 38.1414 0.0128984 1.33006 -3551.98 93.5878 824365
260409-1701_17_6 4 400 37.9612 19.4746 0.00222539 38.1491 0.0146485 1.0605 -3557.74 93.7202 824042
260409-1701_17_7 4 400 38.0179 19.4826 0.00190238 38.2055 0.00682838 3.75414 -3562.01 93.6929 828556
260409-1701_17_8 4 400 38.0037 19.4874 0.0009759 38.1911 0.00922491 2.24556 -3581.53 94.2417 823227
260409-1701_17_9 4 400 38.0231 19.4906 0.00359894 38.2104 0.00839582 1.7101 -3569.01 93.8643 817826
260409-1701_18_0 4 400 37.9779 19.4777 0.00213809 38.1657 0.0118819 1.8473 -3580.79 94.2861 786595
260409-1701_18_10 4 400 37.9859 19.4976 0.00161835 38.173 0.00658952 2.67157 -3570.95 94.0071 802420
260409-1701_18_11 4 400 38.0042 19.5074 0.00151186 38.191 0.00856689 2.54437 -3547.68 93.3495 805818
260409-1701_18_12 4 400 37.947 19.521 0.002 38.1333 0.00554555 0.691223 -3557.27 93.7431 798734
260409-1701_18_1 4 400 38.0226 19.4714 0.00355233 38.2105 0.00666741 2.764 -3591.52 94.4577 787525
260409-1701_18_13 4 400 38.0204 19.5247 0.00179947 38.2066 0.0140074 0.453921 -3549.08 93.3466 799398
260409-1701_18_14 4 400 38.0108 19.5293 0.00138013 38.1968 0.00788639 1.27223 -3532.35 92.9303 808673
260409-1701_18_15 4 400 38.036 19.5367 0.00213809 38.2218 0.0133419 1.0243 -3542.21 93.1277 805939
260409-1701_18_16 4 400 37.9636 19.5447 0.00197605 38.1491 0.00855382 2.33918 -3558.55 93.7359 790676
260409-1701_18_17 4 400 37.9987 19.5554 0.00222539 38.1838 0.00741349 3.34201 -3583.37 94.3025 794438
260409-1701_18_18 4 400 37.9751 19.5833 0.0034983 38.1593 0.00781507 2.80693 -3569.7 94.001 800816
260409-1701_18_19 4 400 38.0127 19.5966 0.00151186 38.1964 0.0218951 0.862067 -3546.76 93.3042 793402
260409-1701_18_2 4 400 38.0017 19.4851 0.00302372 38.1892 0.0167956 1.49314 -3568.24 93.897 780494
260409-1701_1_8 4 400 37.9869 19.5059 0.0019518 38.1737 0.0114088 0.823055 -3534.44 93.0436 825781
260409-1701_18_3 4 400 38.008 19.4843 0.0029277 38.1955 0.00936975 1.01919 -3576.56 94.1004 790053
260409-1701_18_4 4 400 37.9856 19.4714 0.00222539 38.1736 0.0102098 1.56339 -3552.52 93.5227 790339
260409-1701_18_5 4 400 37.9674 19.4674 0.00151186 38.1555 0.00926151 2.28605 -3549.4 93.4855 808948
260409-1701_18_6 4 400 37.9748 19.4746 0.00190238 38.1627 0.00962805 1.12451 -3546.33 93.3863 804667
260409-1701_18_7 4 400 37.9944 19.4851 0.00279455 38.1819 0.0124785 2.41965 -3555.06 93.5677 799896
260409-1701_18_8 4 400 37.9993 19.4871 0.00302372 38.1867 0.00798032 0.538525 -3555.47 93.5666 813646
260409-1701_18_9 4 400 37.9382 19.4886 0.0009759 38.1256 0.00996319 1.47077 -3545.02 93.4419 817370
260409-1701_19_0 4 400 38.0029 19.4731 0.0034365 38.1909 0.0117371 2.98555 -3580.75 94.2231 772476
260409-1701_19_10 4 400 37.9222 19.498 0.0023094 38.1093 0.0119627 0.826914 -3542.76 93.4218 805404
260409-1701_19_11 4 400 37.9806 19.5066 0.00190238 38.1674 0.0124954 2.06426 -3540.37 93.2152 801936
260409-1701_19_12 4 400 37.9938 19.5176 0.0009759 38.1802 0.0129879 1.21426 -3551.77 93.4827 822738
260409-1701_19_1 4 400 37.9869 19.4594 0.00373529 38.1752 0.0181077 0.425536 -3556.64 93.628 787885
260409-1701_19_13 4 400 38.0257 19.5256 0.00151186 38.2118 0.0178321 1.19133 -3550.23 93.3639 797434
260409-1701_19_14 4 400 38.0488 19.5319 0.00254484 38.2347 0.00711767 3.92137 -3560.19 93.5691 811127
260409-1701_19_15 4 400 38.0621 19.5443 0.00179947 38.2476 0.0107791 3.06866 -3574.27 93.9064 805426
260409-1701_19_16 4 400 37.9908 19.5456 0.000786796 38.1763 0.0126196 1.32607 -3528.05 92.8658 791631
260409-1701_19_17 4 400 38.002 19.5617 0.00138013 38.1869 0.0104542 2.02192 -3569.15 93.9202 779634
260409-1701_19_18 4 400 37.9899 19.58 0.0011547 38.1742 0.00956882 2.55619 -3570.46 93.9843 798795
260409-1701_19_19 4 400 38.0476 19.5917 0.00179947 38.2315 0.0124246 1.44395 -3576.96 94.0126 796381
260409-1701_19_2 4 400 37.9971 19.464 0.005 38.1854 0.0139341 0.580253 -3554.08 93.5355 799303
260409-1701_1_9 4 400 38.0029 19.5159 0.0019518 38.1893 0.0135318 1.79388 -3571.1 93.9691 817232
260409-1701_19_3 4 400 37.8903 19.4687 0.0039036 38.0783 0.0114079 2.25688 -3517.25 92.8272 814961
260409-1701_19_4 4 400 38.0082 19.4691 0.00157359 38.1962 0.0105161 1.76199 -3582.08 94.2451 800586
260409-1701_19_5 4 400 38.0019 19.4674 0.00151186 38.19 0.00872645 1.86835 -3552.93 93.4934 811452
260409-1701_19_6 4 400 37.9876 19.4839 0.00167616 38.1752 0.0134518 1.53538 -3564.36 93.8294 813663
260409-1701_19_7 4 400 37.9861 19.4811 0.0019518 38.1737 0.00836168 2.11176 -3535.95 93.0855 813847
260409-1701_19_8 4 400 37.9443 19.4811 0.0019518 38.132 0.0117718 0.810876 -3535.76 93.1827 807362
260409-1701_19_9 4 400 37.9793 19.4896 0.00304725 38.1666 0.0121101 0.727636 -3524.93 92.8119 818576
260409-1701_20_0 4 400 37.9747 19.4739 0.00106904 38.1626 0.0117161 1.89941 -3585.47 94.4171 777095
260409-1701_20_10 4 400 37.9969 19.5041 0.00234013 38.1837 0.0105071 2.13533 -3545.22 93.303 805906
260409-1701_20_11 4 400 37.9906 19.5064 0.00276026 38.1774 0.0125999 1.15869 -3544.97 93.3115 821241
260409-1701_20_12 4 400 38.0353 19.5213 0.00138013 38.2215 0.00806915 3.09071 -3575.52 94.0054 802706
260409-1701_20_1 4 400 37.986 19.4644 0.00190238 38.1742 0.00957151 0.950326 -3552.05 93.5094 788673
260409-1701_20_13 4 400 37.9506 19.5301 0.00302372 38.1365 0.011078 1.31307 -3548.94 93.5148 811766
260409-1701_20_14 4 400 38.0235 19.533 0.002 38.2094 0.0132898 1.45856 -3537.88 93.0444 809286
260409-1701_20_15 4 400 38.0042 19.5447 0.00197605 38.1897 0.0139661 1.57237 -3541.83 93.1954 802559
260409-1701_20_16 4 400 38.0392 19.5466 0.00243975 38.2246 0.0112172 1.66676 -3557.53 93.5228 784984
260409-1701_20_17 4 400 37.9969 19.5643 0.00242997 38.1817 0.00744478 3.49298 -3536.66 93.0778 790406
260409-1701_20_18 4 400 38.0002 19.5863 0.00242997 38.1843 0.0107668 2.51953 -3577.82 94.1525 800204
260409-1701_20_19 4 400 38.0518 19.5954 0.00269921 38.2356 0.00636073 2.29163 -3597.84 94.5511 783812
260409-1701_20_2 4 400 38.0366 19.4623 0.00256348 38.2249 0.00656219 3.82431 -3595.22 94.5201 786607
260409-1701_2_0 4 400 37.9236 19.3957 0.00242997 38.1142 0.0108447 2.78538 -3563.11 93.9548 784868
260409-1701_20_3 4 400 37.9515 19.469 0.00152753 38.1396 0.00756524 2.32609 -3563.12 93.886 799838
260409-1701_20_4 4 400 38.0242 19.4806 0.00427618 38.2118 0.0101867 1.67464 -3571.41 93.9247 797698
260409-1701_20_5 4 400 37.9852 19.4694 0.00151186 38.1733 0.0174967 0.720301 -3564.37 93.8354 803807
260409-1701_20_6 4 400 37.9631 19.4823 0.00242997 38.1507 0.0112019 0.968757 -3562.07 93.8297 800251
260409-1701_20_7 4 400 37.9302 19.484 0.0023094 38.1177 0.0102812 1.93523 -3522.35 92.8639 819843
260409-1701_20_8 4 400 37.9776 19.4829 0.0019518 38.1651 0.0105809 1.57783 -3558 93.6869 809692
260409-1701_20_9 4 400 37.9992 19.4894 0.00190238 38.1865 0.0109539 1.91673 -3580.44 94.2241 805781
260409-1701_2_10 4 400 38.0218 19.5196 0.00222539 38.2082 0.00948668 1.76692 -3569.68 93.8849 764460
260409-1701_21_0 4 400 37.9858 19.4651 0.00291139 38.174 0.00984892 0.731498 -3554.21 93.5669 773971
260409-1701_21_10 4 400 37.9855 19.503 0.00223607 38.1724 0.012571 1.94885 -3540.27 93.2006 808839
260409-1701_21_11 4 400 37.9551 19.5127 0.00179947 38.1416 0.0062519 2.65223 -3562.36 93.8574 808345
260409-1701_21_12 4 400 38.009 19.523 0.00163299 38.1952 0.0130796 0.878667 -3531.34 92.9079 806211
260409-1701_2_11 4 400 38.0331 19.5344 0.00181265 38.219 0.00659513 2.15182 -3569.44 93.8506 763374
260409-1701_21_1 4 400 38.0064 19.4644 0.00151186 38.1946 0.00718412 2.0474 -3581.84 94.243 807112
260409-1701_21_13 4 400 37.9772 19.5353 0.00138013 38.163 0.0113121 1.60439 -3565.5 93.8852 800924
260409-1701_21_14 4 400 38.0325 19.5389 0.00186445 38.2182 0.0144907 1.60217 -3558.4 93.5623 818208
260409-1701_21_15 4 400 38.0379 19.5476 0.0021492 38.2233 0.013732 1.41618 -3583.81 94.2167 820997
260409-1701_21_16 4 400 38.0452 19.5539 0.00226779 38.2304 0.0158499 0.625758 -3572.11 93.8912 795324
260409-1701_21_17 4 400 38.0261 19.564 0.00282843 38.2109 0.00522887 3.33144 -3565.72 93.7704 804734
260409-1701_21_18 4 400 37.9787 19.5899 0.00267261 38.1627 0.00901008 1.14285 -3553.93 93.5768 815520
260409-1701_21_19 4 400 37.9633 19.6016 0.00151186 38.1468 0.00999701 0.929548 -3585.6 94.4491 786608
260409-1701_2_12 4 400 38.0424 19.5353 0.00048795 38.2282 0.0110498 0.965309 -3581.86 94.1545 775080
260409-1701_21_2 4 400 37.9776 19.4619 0.00247848 38.1659 0.0127041 1.62452 -3562.54 93.8062 791334
260409-1701_2_1 4 400 38.0291 19.4917 0.00262769 38.2163 0.0140303 1.92644 -3585.22 94.2759 761444
260409-1701_2_13 4 400 37.9955 19.5461 0.00302372 38.181 0.016913 1.13017 -3571.4 93.9951 762941
260409-1701_21_3 4 400 37.938 19.4729 0.00157359 38.1259 0.0163248 1.11531 -3546.36 93.4781 801964
260409-1701_2_14 4 400 38.0157 19.5517 0.00170434 38.201 0.0133434 0.815703 -3554.63 93.5041 789712
260409-1701_21_4 4 400 37.9403 19.4794 0.00250713 38.128 0.00679773 1.26541 -3540.58 93.3198 808922
260409-1701_2_15 4 400 38.0064 19.5543 0.00170434 38.1916 0.00833639 2.48874 -3612.29 95.0441 771728
260409-1701_21_5 4 400 38.0242 19.474 0.0011547 38.2121 0.00919551 2.38712 -3565.29 93.7636 793060
260409-1701_2_16 4 400 37.937 19.561 0.00208167 38.1219 0.0160659 1.35908 -3554.39 93.6919 770633
260409-1701_21_6 4 400 37.9584 19.4831 0.00157359 38.146 0.0111765 1.94438 -3543.02 93.3396 801724
260409-1701_2_17 4 400 38.0058 19.5637 0.00138013 38.1906 0.0105121 1.19536 -3545.44 93.2869 755802
260409-1701_21_7 4 400 37.9126 19.4887 0.00287021 38.1 0.00960973 1.25043 -3522.15 92.9018 818519
260409-1701_2_18 4 400 38.0335 19.5743 0.00213809 38.218 0.00734909 2.85306 -3577.55 94.0631 785037
260409-1701_21_8 4 400 38.0091 19.487 0.00223607 38.1966 0.00874084 2.06114 -3571.77 93.9713 812495
260409-1701_2_19 4 400 38.0587 19.5844 0.0021492 38.2428 0.00873071 2.89687 -3596.16 94.4898 787239
260409-1701_21_9 4 400 38.0088 19.491 0.00223607 38.1962 0.00914412 1.98935 -3585.95 94.3451 807403
260409-1701_22_0 4 400 37.9922 19.4773 0.00570714 38.18 0.0115314 1.59428 -3557.22 93.6303 772757
260409-1701_22_10 4 400 37.9783 19.5039 0.00302372 38.1652 0.0144863 1.01378 -3558.54 93.6991 812981
260409-1701_22_11 4 400 38.0037 19.5167 0.00179947 38.1902 0.0106712 2.32189 -3552.67 93.482 798753
260409-1701_22_12 4 400 37.9649 19.5293 0.00242997 38.1509 0.0132461 1.68482 -3535.02 93.1127 812447
260409-1701_22_1 4 400 37.9805 19.4641 0.00106904 38.1688 0.00898247 2.65204 -3565.15 93.8678 805941
260409-1701_22_13 4 400 38.0261 19.5369 0.00285357 38.2119 0.0095578 2.82186 -3595.15 94.5443 810768
260409-1701_22_14 4 400 37.9727 19.542 0.00264575 38.1583 0.010512 1.09739 -3538.28 93.1794 819803
260409-1701_22_15 4 400 38.0229 19.556 0.00305505 38.208 0.00990951 2.33184 -3580.3 94.1615 803636
260409-1701_22_16 4 400 38.0416 19.5551 0.0037607 38.2267 0.00544626 2.24962 -3575.19 93.9811 798337
260409-1701_22_17 4 400 37.9868 19.5677 0.00213809 38.1715 0.0148428 1.97484 -3568.43 93.9385 798100
260409-1701_22_18 4 400 37.9928 19.5936 0.00190238 38.1767 0.0113199 2.57823 -3551.28 93.4723 813947
260409-1701_22_19 4 400 37.9767 19.6076 0.00190238 38.16 0.00846726 3.63517 -3564.49 93.86 796929
260409-1701_22_2 4 400 38.0144 19.4679 0.00323669 38.2025 0.0133086 0.710481 -3567.78 93.8534 797221
260409-1701_2_2 4 400 37.9384 19.477 0.00208167 38.1262 0.00981373 4.6387 -3566.45 94.0063 763058
260409-1701_22_3 4 400 37.9942 19.479 0.00270801 38.1819 0.00973466 1.58772 -3562.7 93.7696 805747
260409-1701_22_4 4 400 37.9255 19.4811 0.0019518 38.1132 0.00795433 2.83226 -3551.19 93.6358 784495
260409-1701_22_5 4 400 37.9671 19.4786 0.00151186 38.1549 0.00662117 3.81777 -3557.59 93.7018 796514
260409-1701_22_6 4 400 37.924 19.4921 0.00357904 38.1113 0.0149046 2.33657 -3545.47 93.4887 792864
260409-1701_22_7 4 400 37.9706 19.4876 0.00198806 38.158 0.0167614 0.841528 -3541.58 93.2717 801373
260409-1701_22_8 4 400 38.0198 19.4883 0.00262769 38.2072 0.0121162 0.992878 -3570.68 93.9161 805279
260409-1701_22_9 4 400 38.0131 19.4971 0.00186445 38.2002 0.0140216 1.72167 -3544.98 93.2566 814013
260409-1701_2_3 4 400 37.9906 19.4797 0.00314718 38.1783 0.0100355 2.24671 -3567.78 93.9121 793402
260409-1701_2_4 4 400 37.9233 19.487 0.001 38.1108 0.0112286 0.412099 -3538.75 93.3133 807088
260409-1701_2_5 4 400 37.9871 19.4929 0.00414039 38.1744 0.0105568 2.36176 -3590.76 94.5256 773148
260409-1701_2_6 4 400 37.973 19.4994 0.0009759 38.16 0.012785 1.1104 -3583.14 94.3601 794239
260409-1701_2_7 4 400 37.9555 19.5081 0.00323669 38.1422 0.0206456 0.690342 -3563.49 93.8861 797388
260409-1701_2_8 4 400 38.0415 19.5046 0.00399404 38.2284 0.0107199 3.17029 -3597.51 94.5679 785106
260409-1701_2_9 4 400 38.0107 19.5153 0.00242997 38.1971 0.0101733 2.96212 -3590.09 94.4493 765488
260409-1701_3_0 4 400 37.9384 19.4014 0.00151186 38.1288 0.01293 1.02784 -3586.41 94.5322 783983
260409-1701_3_10 4 400 38.0228 19.5207 0.00242997 38.2091 0.00735886 1.77133 -3592.47 94.482 791473
260409-1701_3_11 4 400 38.0009 19.5307 0.00269037 38.1869 0.0125319 1.77235 -3549.28 93.3999 770984
260409-1701_3_12 4 400 38.0223 19.5366 0.00171825 38.2081 0.0240516 0.476327 -3579.3 94.1366 796348
260409-1701_3_1 4 400 37.998 19.4917 0.00138013 38.1853 0.0111147 3.44223 -3585.6 94.3628 751908
260409-1701_3_13 4 400 37.99 19.5441 0.0019518 38.1755 0.0132948 1.74816 -3601.21 94.7937 777195
260409-1701_3_14 4 400 37.9684 19.5483 0.00125357 38.1537 0.0134692 1.22553 -3537.08 93.1583 796857
260409-1701_3_15 4 400 38.0188 19.5521 0.00186445 38.204 0.0117048 1.22502 -3548.21 93.3276 794911
260409-1701_3_16 4 400 37.9981 19.5617 0.00179947 38.183 0.0145942 1.16497 -3558.23 93.6422 765900
260409-1701_3_17 4 400 37.9911 19.564 0.00163299 38.1759 0.0132993 1.23764 -3542.94 93.2571 788440
260409-1701_3_18 4 400 38.0378 19.576 0.0023094 38.2222 0.00508865 4.94284 -3570.36 93.8633 763901
260409-1701_3_19 4 400 38.0366 19.5841 0.00285357 38.2207 0.0145397 0.608207 -3573.53 93.9497 778090
260409-1701_3_2 4 400 37.9825 19.4786 0.00276026 38.1702 0.0189215 1.0202 -3568.5 93.9512 775068
260409-1701_3_3 4 400 38.0066 19.4811 0.00254484 38.1943 0.0100308 2.18933 -3606.43 94.8895 767721
260409-1701_3_4 4 400 37.9377 19.492 0.002 38.1249 0.0109507 1.61049 -3551.97 93.6266 794886
260409-1701_3_5 4 400 38.0406 19.4891 0.00254484 38.228 0.00872701 5.48935 -3611.81 94.946 781525
260409-1701_3_6 4 400 37.9946 19.4934 0.00276026 38.1818 0.0127941 1.06167 -3603.76 94.8491 761969
260409-1701_3_7 4 400 37.9363 19.5053 0.00269037 38.1231 0.00839266 2.44065 -3533.22 93.1357 771456
260409-1701_3_8 4 400 38.02 19.5101 0.0019518 38.2066 0.0100011 1.28838 -3570.11 93.9009 767004
260409-1701_3_9 4 400 38.0425 19.5133 0.00242997 38.229 0.00596572 3.37122 -3618.51 95.1175 780239
260409-1701_4_0 4 400 37.968 19.4054 0.00222539 38.1582 0.00946212 3.72248 -3594.77 94.6789 768655
260409-1701_4_10 4 400 37.997 19.5176 0.00222539 38.1834 0.0108723 1.13486 -3557.7 93.6311 776078
260409-1701_4_11 4 400 38.013 19.5247 0.00179947 38.1992 0.0101005 1.40145 -3564.48 93.7699 769722
260409-1701_4_12 4 400 37.9704 19.5354 0.000534522 38.1562 0.00919976 2.95261 -3572.38 94.083 776390
260409-1701_4_1 4 400 37.9331 19.494 0.001 38.1203 0.00837719 0.987464 -3574.54 94.2328 764446
260409-1701_4_13 4 400 38.0298 19.545 0.00326599 38.2152 0.00903052 1.43399 -3571.12 93.9031 774512
260409-1701_4_14 4 400 37.9934 19.5471 0.0020354 38.1788 0.00678517 4.33101 -3550.79 93.4581 778049
260409-1701_4_15 4 400 38.0739 19.551 0.0023094 38.2592 0.00762227 5.64212 -3585.71 94.1774 789665
260409-1701_4_16 4 400 37.9822 19.5586 0.00151186 38.1673 0.0108729 0.555392 -3541.77 93.2479 792675
260409-1701_4_17 4 400 37.9972 19.5614 0.00222539 38.1821 0.00656204 2.92488 -3556.6 93.6017 768287
260409-1701_4_18 4 400 37.9801 19.576 0.0011547 38.1645 0.00777119 0.815762 -3534.58 93.064 774218
260409-1701_4_19 4 400 37.9487 19.586 0.00251661 38.1328 0.012731 0.948539 -3555.66 93.6966 791596
260409-1701_4_2 4 400 37.9884 19.4797 0.0029277 38.1761 0.0120018 1.37615 -3574.9 94.105 751352
260409-1701_4_3 4 400 38.002 19.482 0.00282843 38.1896 0.0071985 2.15519 -3595.76 94.6202 756884
260409-1701_4_4 4 400 38.0314 19.4943 0.00179947 38.2186 0.009905 1.85265 -3604.13 94.7674 788268
260409-1701_4_5 4 400 37.9716 19.4874 0.00320713 38.159 0.0184995 0.923191 -3579.64 94.2715 760354
260409-1701_4_6 4 400 37.9889 19.4909 0.00279455 38.1762 0.0101357 0.859145 -3553.28 93.5347 779225
260409-1701_4_7 4 400 38.0038 19.5064 0.00320713 38.1906 0.010692 0.803272 -3569.16 93.9158 790680
260409-1701_4_8 4 400 37.9442 19.5093 0.00372891 38.1309 0.00862057 3.65111 -3575.61 94.2333 773852
260409-1701_4_9 4 400 37.9919 19.5116 0.00190238 38.1785 0.0124513 2.41776 -3539.73 93.1706 802777
260409-1701_5_0 4 400 37.9847 19.4126 0.0020702 38.1747 0.00835209 5.47542 -3584.65 94.3709 788379
260409-1701_5_10 4 400 37.9734 19.5127 0.00269037 38.1599 0.0136274 1.40586 -3553.36 93.5751 801748
260409-1701_5_11 4 400 37.9703 19.5233 0.0029277 38.1566 0.0158054 0.99185 -3531.49 93.0064 776333
260409-1701_5_12 4 400 38.0294 19.5334 0.00198806 38.2153 0.00722002 2.69448 -3578.94 94.1097 770283
260409-1701_5_1 4 400 38.011 19.4917 0.00138013 38.1983 0.0111053 2.3484 -3580.98 94.2091 791468
260409-1701_5_13 4 400 38.0093 19.5476 0.00151186 38.1946 0.0093647 1.16075 -3574.24 94.036 800611
260409-1701_5_14 4 400 37.9922 19.5419 0.00273426 38.1778 0.012504 1.1229 -3563.42 93.7933 771970
260409-1701_5_15 4 400 38.0404 19.5467 0.00256348 38.2258 0.0172677 0.545355 -3559.67 93.576 773585
260409-1701_5_16 4 400 37.9798 19.5579 0.00121499 38.1649 0.0112611 2.15999 -3542.45 93.2719 802997
260409-1701_5_17 4 400 37.9608 19.5616 0.00269921 38.1458 0.010978 2.09368 -3566.66 93.9562 792427
260409-1701_5_18 4 400 37.9932 19.5784 0.00198806 38.1775 0.00597685 2.94847 -3553.85 93.5392 796592
260409-1701_5_19 4 400 37.9692 19.5843 0.00138013 38.1534 0.010607 2.11666 -3562.18 93.8175 796084
260409-1701_5_2 4 400 38.0238 19.4797 0.000755929 38.2115 0.015462 1.74774 -3590.73 94.4335 775650
260409-1701_5_3 4 400 37.9364 19.4834 0.00190238 38.124 0.0115708 1.785 -3554.33 93.6917 782286
260409-1701_5_4 4 400 37.9896 19.4893 0.00170434 38.177 0.0106248 1.14977 -3570.56 93.9877 783927
260409-1701_5_5 4 400 37.9613 19.4826 0.00222539 38.1489 0.0121105 1.01127 -3568.75 94.0104 797297
260409-1701_5_6 4 400 37.9208 19.4871 0.00157359 38.1082 0.0107164 1.00297 -3550.49 93.6291 812170
260409-1701_5_7 4 400 37.9533 19.5036 0.00139728 38.1402 0.01536 1.25415 -3546.09 93.4329 773328
260409-1701_5_8 4 400 37.9572 19.5079 0.0019518 38.1439 0.0199083 0.813877 -3558.1 93.7395 801252
260409-1701_5_9 4 400 37.9919 19.5116 0.00190238 38.1785 0.0130735 1.70571 -3565.26 93.8428 775764
260409-1701_6_0 4 400 38.0287 19.4197 0.00179947 38.2185 0.00871896 3.93922 -3598.61 94.6288 789251
260409-1701_6_10 4 400 38.0128 19.511 0.00258199 38.1994 0.00786182 0.77105 -3560.6 93.6686 787661
260409-1701_6_11 4 400 38.0045 19.5224 0.0009759 38.1907 0.0143002 0.860351 -3533.82 92.9843 789143
260409-1701_6_12 4 400 37.9998 19.531 0.0011547 38.1857 0.0147296 0.989578 -3548.93 93.3934 790880
260409-1701_6_1 4 400 37.9874 19.4934 0.00181265 38.1747 0.0115623 2.81721 -3564.09 93.8226 785523
260409-1701_6_13 4 400 37.9938 19.5444 0.00222539 38.1793 0.0151093 0.992077 -3572.23 94.0212 787735
260409-1701_6_14 4 400 37.9278 19.5403 0.00221467 38.1134 0.0139373 1.09295 -3542.21 93.3935 787466
260409-1701_6_15 4 400 38.0082 19.545 0.00208167 38.1936 0.00889657 2.64667 -3552.37 93.4633 794191
260409-1701_6_16 4 400 38.0093 19.5533 0.00149603 38.1945 0.00995097 2.39603 -3542.62 93.204 790635
260409-1701_6_17 4 400 37.9839 19.5614 0.00190238 38.1688 0.00930797 0.875712 -3537.77 93.1387 796988
260409-1701_6_18 4 400 37.9997 19.5723 0.00269037 38.1842 0.0135092 2.14125 -3565.29 93.8241 787941
260409-1701_6_19 4 400 37.9835 19.5816 0.00181265 38.1677 0.0143234 1.58578 -3561.37 93.761 789950
260409-1701_6_2 4 400 38.0081 19.4797 0.0029277 38.1958 0.0106647 0.524343 -3561.49 93.7034 806368
260409-1701_6_3 4 400 37.9734 19.4831 0.0019518 38.161 0.0144929 1.19531 -3567.89 93.9577 771894
260409-1701_6_4 4 400 37.9986 19.4901 0.0020354 38.1859 0.00940441 2.30975 -3578.9 94.1851 770274
260409-1701_6_5 4 400 37.9524 19.4859 0.00219306 38.1399 0.00924729 3.19989 -3550.99 93.5645 779853
260409-1701_6_6 4 400 37.9434 19.4911 0.0019518 38.1307 0.00989769 1.82533 -3553.43 93.6508 777975
260409-1701_6_7 4 400 37.9825 19.504 0.00182574 38.1693 0.0103898 2.43818 -3573.35 94.0789 773851
260409-1701_6_8 4 400 38.0085 19.5064 0.00151186 38.1953 0.00982499 3.76946 -3585.85 94.3435 795663
260409-1701_6_9 4 400 37.998 19.5113 0.0029277 38.1846 0.0103942 4.80012 -3581.49 94.2547 785890
260409-1701_7_0 4 400 37.9903 19.4259 0.00106904 38.1798 0.0116375 0.873756 -3564.49 93.8263 774480
260409-1701_7_10 4 400 37.9927 19.5104 0.0009759 38.1793 0.0121545 1.85171 -3559.3 93.6839 788565
260409-1701_7_11 4 400 37.966 19.517 0.00163299 38.1525 0.00782055 4.13577 -3555.41 93.6471 768519
260409-1701_7_12 4 400 38.0018 19.5261 0.0034365 38.1879 0.0158805 0.858434 -3546.53 93.3251 765958
260409-1701_7_1 4 400 37.9347 19.4923 0.00262769 38.122 0.01231 1.53184 -3563.75 93.9444 755593
260409-1701_7_13 4 400 37.9554 19.5386 0.00229907 38.141 0.0108839 1.77836 -3556.24 93.6954 770420
260409-1701_7_14 4 400 37.9647 19.5399 0.00157359 38.1504 0.0135952 0.843565 -3570.89 94.0581 762113
260409-1701_7_15 4 400 37.9817 19.5444 0.00181265 38.1672 0.0150888 0.657264 -3557.83 93.6722 802911
260409-1701_7_16 4 400 38.0422 19.5484 0.00299205 38.2275 0.00616128 1.94286 -3547.44 93.2502 793606
260409-1701_7_17 4 400 38.005 19.5597 0.00125357 38.19 0.0120502 0.53111 -3546.83 93.3252 780852
260409-1701_7_18 4 400 37.9933 19.5743 0.00213809 38.1778 0.0102607 1.40598 -3558.22 93.6538 774744
260409-1701_7_19 4 400 37.9643 19.5813 0.00205866 38.1486 0.0110723 0.870795 -3548.4 93.4667 791603
260409-1701_7_2 4 400 37.9756 19.4811 0.00157359 38.1632 0.0117185 2.58913 -3567.7 93.9473 765545
260409-1701_7_3 4 400 38.0078 19.48 0.0011547 38.1954 0.0107465 2.18963 -3606.74 94.8948 764610
260409-1701_7_4 4 400 37.9229 19.4864 0.00127242 38.1103 0.01627 0.379103 -3546.16 93.5099 759996
260409-1701_7_5 4 400 37.9409 19.4854 0.00151186 38.1284 0.00785195 2.33432 -3546.2 93.4661 771612
260409-1701_7_6 4 400 37.9637 19.4877 0.00213809 38.1511 0.00613647 1.78138 -3550.77 93.5305 790162
260409-1701_7_7 4 400 37.9744 19.5021 0.00177281 38.1613 0.00798121 2.52503 -3565.4 93.8896 776596
260409-1701_7_8 4 400 37.9361 19.5026 0.00198806 38.1231 0.0169973 1.06864 -3557.97 93.7884 779542
260409-1701_7_9 4 400 37.9781 19.5076 0.00190238 38.1649 0.0161786 0.697818 -3563.25 93.8236 772894
260409-1701_8_0 4 400 37.9216 19.4283 0.00236039 38.1111 0.00933203 2.70866 -3548.13 93.5648 821208
260409-1701_8_10 4 400 37.9866 19.5097 0.00170434 38.1733 0.00775167 1.04664 -3539.6 93.1803 827549
260409-1701_8_11 4 400 37.9896 19.5167 0.00242997 38.1761 0.0102802 3.27384 -3562.62 93.7786 827755
260409-1701_8_12 4 400 37.995 19.5219 0.00157359 38.1813 0.0114492 1.31496 -3545.14 93.3054 824431
260409-1701_8_1 4 400 37.9487 19.4914 0.00190238 38.136 0.00554314 3.76268 -3578.92 94.3094 818182
260409-1701_8_13 4 400 37.9474 19.5373 0.00213809 38.1331 0.0149642 0.514969 -3551.46 93.5888 825878
260409-1701_8_14 4 400 37.9884 19.5339 0.00157359 38.1742 0.00875668 2.54565 -3551.52 93.4897 829403
260409-1701_8_15 4 400 37.9911 19.5377 0.00236039 38.1769 0.0129066 3.4811 -3553.81 93.5429 826737
260409-1701_8_16 4 400 38.0438 19.5467 0.00309377 38.2292 0.0105817 2.0488 -3546.32 93.2167 840019
260409-1701_8_17 4 400 38.0593 19.5594 0.00190238 38.2442 0.00780806 2.89946 -3584.96 94.1941 832242
260409-1701_8_18 4 400 37.9919 19.5726 0.0009759 38.1764 0.00533784 7.79336 -3590.91 94.5179 838271
260409-1701_8_19 4 400 37.9874 19.5807 0.00125357 38.1716 0.010693 2.61498 -3552.15 93.5087 829427
260409-1701_8_2 4 400 37.9458 19.4774 0.00222539 38.1336 0.0108667 1.13497 -3548.66 93.5191 823440
260409-1701_8_3 4 400 37.9973 19.4789 0.00279455 38.185 0.0121062 2.94177 -3566.31 93.8568 822913
260409-1701_8_4 4 400 37.9098 19.4876 0.00171825 38.0972 0.0112337 0.604081 -3538.52 93.3404 823936
260409-1701_8_5 4 400 37.9773 19.4869 0.00106904 38.1648 0.00685636 2.72503 -3566.47 93.9106 826575
260409-1701_8_6 4 400 37.9635 19.4877 0.00269037 38.1509 0.00782268 2.58648 -3562.47 93.8393 819257
260409-1701_8_7 4 400 37.9188 19.4999 0.00134519 38.1058 0.00541797 2.51019 -3527.83 93.0363 829616
260409-1701_8_8 4 400 38.0065 19.5029 0.00146385 38.1934 0.00513213 3.80564 -3578.23 94.1477 830251
260409-1701_8_9 4 400 38.0183 19.5044 0.00190238 38.2051 0.00657872 1.03994 -3573.4 93.9918 828187
260409-1701_9_0 4 400 37.9453 19.4361 0.00106904 38.1345 0.0128288 4.21833 -3569.77 94.0767 808864
260409-1701_9_10 4 400 37.9918 19.5066 0.00257275 38.1786 0.00767908 1.87251 -3537.78 93.1194 813953
260409-1701_9_11 4 400 38.0265 19.5156 0.00222539 38.213 0.0115214 0.970055 -3532.84 92.9046 823226
260409-1701_9_12 4 400 38.0196 19.5233 0.00242997 38.2059 0.0100766 1.08599 -3570.15 93.9028 824874
260409-1701_9_1 4 400 37.9233 19.4903 0.00262769 38.1106 0.00780702 2.49761 -3549.75 93.6034 798799
260409-1701_9_13 4 400 38.0225 19.5407 0.00179947 38.2081 0.00645761 2.8724 -3572.61 93.9603 830330
260409-1701_9_14 4 400 37.9734 19.5356 0.0020702 38.1592 0.0150154 1.5308 -3551 93.5127 830929
260409-1701_9_15 4 400 37.9685 19.5396 0.0009759 38.1541 0.0113039 2.33931 -3569.16 94.0033 838137
260409-1701_9_16 4 400 38.0255 19.5453 0.00179947 38.2109 0.00791688 2.57749 -3548.78 93.3263 832767
260409-1701_9_17 4 400 38.0179 19.556 0.00238048 38.203 0.0109977 0.953116 -3551.33 93.4119 833034
260409-1701_9_18 4 400 37.9885 19.5723 0.00242997 38.1731 0.012094 1.42612 -3576.09 94.1361 832072
260409-1701_9_19 4 400 38.023 19.5803 0.00138013 38.2073 0.00541532 3.28599 -3586.45 94.3231 833784
260409-1701_9_2 4 400 37.9513 19.4766 0.00229907 38.1391 0.011179 1.41968 -3564.87 93.9328 816304
260409-1701_9_3 4 400 37.9623 19.4806 0.00151186 38.1499 0.0088518 1.57215 -3537.2 93.1767 806278
260409-1701_9_4 4 400 37.9773 19.4877 0.00314718 38.1647 0.0106518 1.83592 -3563.82 93.8408 820806
260409-1701_9_5 4 400 37.9895 19.4886 0.00190238 38.1769 0.00950685 0.710504 -3554.02 93.5526 821732
260409-1701_9_6 4 400 38.0006 19.488 0.00326599 38.188 0.0103022 1.29279 -3577.91 94.1542 823853
260409-1701_9_7 4 400 37.9488 19.4976 0.00315474 38.1359 0.0166317 1.00215 -3531.27 93.0532 831905
260409-1701_9_8 4 400 37.9624 19.5029 0.0024103 38.1493 0.0168362 0.900128 -3547.5 93.4476 824144
260409-1701_9_9 4 400 37.9763 19.5039 0.0024103 38.1632 0.0107203 1.35964 -3558.98 93.7158 816914
