250821-1303_0_0 4 400 37.754 23.1563 0.00482059 37.8167 0.0214291 0.151009 -3513.49 93.0623
250821-1303_0_10 4 400 37.7472 23.4919 0.00744823 37.7985 0.0292073 0.120822 -3488.01 92.4041
250821-1303_0_11 4 400 37.7733 23.9143 0.00534522 37.8102 0.0204206 0.093752 -3495.2 92.531
250821-1303_0_12 4 400 37.7403 23.9386 0.00475595 37.7763 0.0216139 0.175467 -3517.21 93.1951
250821-1303_0_1 4 400 37.7557 23.6093 0.00731925 37.803 0.0227534 0.167621 -3498.31 92.6563
250821-1303_0_13 4 400 37.7278 23.3891 0.00549025 37.7826 0.0247464 0.0957375 -3494.53 92.6244
250821-1303_0_14 4 400 37.723 23.4164 0.00377964 37.7768 0.0261466 0.160278 -3515.22 93.1847
250821-1303_0_15 4 400 37.7463 23.8336 0.00475595 37.786 0.0200976 0.325218 -3521.69 93.2987
250821-1303_0_16 4 400 37.7456 23.78 0.00707107 37.7871 0.0133436 1.27313 -3504.04 92.8331
250821-1303_0_17 4 400 37.7182 23.405 0.00645497 37.7725 0.0318703 0.0361941 -3482.24 92.3221
250821-1303_0_18 4 400 37.7695 23.805 0.005 37.8101 0.0177425 0.142643 -3493.15 92.4859
250821-1303_0_19 4 400 37.7409 23.9243 0.00449868 37.7775 0.0220695 0.0481289 -3495.04 92.6057
250821-1303_0_2 4 400 37.7295 23.7086 0.00243975 37.7734 0.0260819 0.0863971 -3493.65 92.5969
250821-1303_0_3 4 400 37.7547 23.6554 0.00457738 37.8004 0.0260204 0.0973258 -3523.46 93.3242
250821-1303_0_4 4 400 37.761 23.9941 0.00606709 37.7952 0.0210228 0.276039 -3506.76 92.867
250821-1303_0_5 4 400 37.7373 23.8007 0.00731925 37.7781 0.0283321 0.0730577 -3499.67 92.7372
250821-1303_0_6 4 400 37.7094 23.5663 0.00482059 37.7582 0.0321687 0.0307691 -3496.31 92.7164
250821-1303_0_7 4 400 37.7437 23.1943 0.00449868 37.805 0.0176086 0.175399 -3493.62 92.5618
250821-1303_0_8 4 400 37.7155 23.6664 0.00748013 37.7609 0.0179759 0.109046 -3508.1 93.0145
250821-1303_0_9 4 400 37.7117 23.5521 0.00393398 37.7609 0.0226566 0.21294 -3498.84 92.7784
250821-1303_10_0 4 400 37.7211 23.34 0 37.7775 0.013522 0.68042 -3512.27 93.1115
250821-1303_10_10 4 400 37.7329 23.7527 0.00590803 37.7753 0.0140797 0.920608 -3480.61 92.2434
250821-1303_10_11 4 400 37.7454 23.651 0.00331662 37.7913 0.0180307 0.156691 -3518.43 93.2147
250821-1303_10_12 4 400 37.7464 23.9693 0.00188982 37.7814 0.0188826 0.21758 -3508.6 92.9519
250821-1303_10_1 4 400 37.7489 23.56 0 37.7979 0.0239172 0.101281 -3512.68 93.0534
250821-1303_10_13 4 400 37.6836 23.662 0.0051316 37.7291 0.0336059 0.0743622 -3494.33 92.7278
250821-1303_10_14 4 400 37.6603 23.5921 0.0048795 37.7082 0.0246634 0.0896232 -3487.59 92.6061
250821-1303_10_15 4 400 37.7485 23.48 3.83737e-15 37.8002 0.0284324 0.0376533 -3506.07 92.8795
250821-1303_10_16 4 400 37.7652 23.8671 0.00566947 37.8037 0.0187302 0.115343 -3525.17 93.3441
250821-1303_10_17 4 400 37.7256 23.6857 0.00786796 37.7702 0.0155419 0.146133 -3540.11 93.8384
250821-1303_10_18 4 400 37.7368 23.6921 0.00267261 37.7813 0.0199919 0.519254 -3516.65 93.1886
250821-1303_10_19 4 400 37.7635 23.9726 0.00377964 37.7985 0.0261839 0.0609105 -3498.79 92.6497
250821-1303_10_2 4 400 37.7879 23.915 0.00408248 37.8248 0.0180011 0.275992 -3544.46 93.7988
250821-1303_1_0 4 400 37.7651 23.1621 0.00267261 37.8276 0.0248934 0.0967896 -3498.91 92.6492
250821-1303_10_3 4 400 37.7482 23.7571 0.00267261 37.7904 0.019164 0.192761 -3508.34 92.9406
250821-1303_10_4 4 400 37.7465 23.6236 0.00556349 37.7933 0.0209593 0.135836 -3512.51 93.0548
250821-1303_10_5 4 400 37.7763 23.9829 0.00393398 37.8109 0.0191811 0.213561 -3508.97 92.8878
250821-1303_10_6 4 400 37.778 23.8014 0.00556349 37.8187 0.0248127 0.169071 -3497.51 92.5802
250821-1303_10_7 4 400 37.7268 23.3736 0.00475595 37.7821 0.0215247 0.102924 -3491.98 92.5593
250821-1303_10_8 4 400 37.6848 23.3757 0.00449868 37.7401 0.0227986 0.107458 -3484.66 92.4685
250821-1303_10_9 4 400 37.7593 23.7986 0.00748013 37.8001 0.0203104 0.317292 -3501.76 92.7391
250821-1303_1_10 4 400 37.7718 23.5129 0.00393398 37.8224 0.0226352 0.161306 -3488.85 92.3668
250821-1303_11_0 4 400 37.7293 23.3521 0.00755929 37.7853 0.018143 0.211849 -3498.47 92.7255
250821-1303_11_10 4 400 37.7676 23.7657 0.00449868 37.8095 0.0169153 0.883197 -3508.81 92.9052
250821-1303_11_11 4 400 37.7204 23.6993 0.00188982 37.7646 0.00840198 0.313605 -3490.63 92.5396
250821-1303_11_12 4 400 37.7217 23.98 3.83737e-15 37.7564 0.0221852 0.18872 -3503.07 92.8663
250821-1303_1_11 4 400 37.7628 23.875 0.00408248 37.801 0.0203919 0.221804 -3500.57 92.6988
250821-1303_11_1 4 400 37.7513 23.5814 0.00556349 37.7995 0.0328904 0.0698 -3512.33 93.0378
250821-1303_11_13 4 400 37.6564 23.6021 0.00755929 37.7039 0.0265605 0.0923651 -3481.47 92.4531
250821-1303_11_14 4 400 37.7039 23.6121 0.00393398 37.7511 0.0225906 0.195018 -3508.26 93.0472
250821-1303_11_15 4 400 37.6949 23.4649 0.00549025 37.7471 0.0143791 0.771064 -3501.78 92.8979
250821-1303_11_16 4 400 37.7038 23.8786 0.00243975 37.742 0.0212198 0.0766889 -3511.98 93.1463
250821-1303_11_17 4 400 37.6851 23.5957 0.00607493 37.7328 0.0285807 0.1923 -3503.36 92.9639
250821-1303_11_18 4 400 37.7217 23.6993 0.00188982 37.7659 0.0128163 0.745352 -3501.59 92.8268
250821-1303_11_19 4 400 37.7105 23.34 0 37.7669 0.0287128 0.265064 -3517.92 93.2875
250821-1303_1_12 4 400 37.751 23.9457 0.00449868 37.7869 0.0247285 0.174316 -3517.45 93.1747
250821-1303_11_2 4 400 37.7691 23.9343 0.00932227 37.8054 0.0201447 0.0973712 -3531.04 93.4897
250821-1303_1_1 4 400 37.7556 23.675 0.0108012 37.8007 0.0168049 0.394729 -3515.42 93.1097
250821-1303_1_13 4 400 37.7632 23.4379 0.0095119 37.8163 0.0169352 0.441892 -3512.99 93.0266
250821-1303_11_3 4 400 37.7304 23.91 0 37.7674 0.00990879 0.319455 -3514.27 93.1417
250821-1303_1_14 4 400 37.7109 23.4321 0.00755929 37.7642 0.0263505 0.147088 -3504.58 92.9324
250821-1303_11_4 4 400 37.7475 23.6306 0.00151186 37.7941 0.0240423 0.16796 -3525.17 93.3879
250821-1303_1_15 4 400 37.7847 23.8169 0.00710466 37.8249 0.014812 0.373058 -3533.86 93.5263
250821-1303_11_5 4 400 37.7908 23.9336 0.00475595 37.8271 0.017422 0.209167 -3524.3 93.2577
250821-1303_1_16 4 400 37.7506 23.7964 0.00690066 37.7915 0.0139609 1.40787 -3494.82 92.5766
250821-1303_11_6 4 400 37.7722 23.81 0 37.8126 0.0338237 0.0666324 -3499.48 92.6467
250821-1303_1_17 4 400 37.7457 23.4429 0.00906327 37.7986 0.0166466 0.209172 -3498.24 92.6791
250821-1303_11_7 4 400 37.7064 23.4107 0.00534522 37.7604 0.0166303 0.253475 -3493.21 92.6422
250821-1303_1_18 4 400 37.7888 23.8126 0.00377964 37.8292 0.0174838 0.265628 -3510.92 92.9088
250821-1303_11_8 4 400 37.6622 23.3853 0.00543796 37.7171 0.0317805 0.10835 -3489.93 92.6634
250821-1303_1_19 4 400 37.6691 23.855 0.0057735 37.7081 0.0289852 0.0842246 -3472.95 92.1956
250821-1303_11_9 4 400 37.7719 23.7707 0.00188982 37.8137 0.0227149 0.149728 -3505.2 92.7989
250821-1303_12_0 4 400 37.7519 23.3963 0.00826064 37.8064 0.0238379 0.100072 -3485.02 92.3136
250821-1303_12_10 4 400 37.7409 23.6807 0.00672593 37.7858 0.0294245 0.265186 -3503.01 92.8169
250821-1303_12_11 4 400 37.7421 23.705 0.00408248 37.7861 0.0150292 0.50728 -3496.43 92.6401
250821-1303_12_12 4 400 37.7139 23.2114 0.00475595 37.7748 0.0326766 0.124723 -3499.01 92.7769
250821-1303_12_1 4 400 37.7409 23.59 0 37.7888 0.0302573 0.112349 -3512.96 93.0806
250821-1303_12_13 4 400 37.7046 23.6243 0.00607493 37.7514 0.029736 0.201879 -3493.53 92.6547
250821-1303_12_14 4 400 37.775 23.58 0.00645497 37.8232 0.0200413 0.183057 -3509.94 92.9172
250821-1303_12_15 4 400 37.7105 23.476 0.004 37.7623 0.0305289 0.267008 -3502.02 92.8655
250821-1303_12_16 4 400 37.7782 23.9264 0.00988024 37.8147 0.0137819 0.420545 -3519.49 93.1621
250821-1303_12_17 4 400 37.76 23.6179 0.00755929 37.807 0.0281298 0.0811042 -3506.77 92.8696
250821-1303_12_18 4 400 37.6981 23.695 0.005 37.7424 0.0239443 0.346447 -3474.35 92.1623
250821-1303_12_19 4 400 37.7232 23.3407 0.00188982 37.7796 0.0285794 0.0486783 -3504.3 92.895
250821-1303_12_2 4 400 37.7783 23.9221 0.00267261 37.815 0.0106364 0.275066 -3541.7 93.7494
250821-1303_1_2 4 400 37.7249 23.715 0.00408248 37.7686 0.0190747 0.0735017 -3496.35 92.6801
250821-1303_12_3 4 400 37.7414 23.9157 0.00534522 37.7783 0.0203025 1.50062 -3522.91 93.3429
250821-1303_12_4 4 400 37.7307 23.685 0.00288675 37.7754 0.0138761 0.614666 -3515.14 93.1639
250821-1303_12_5 4 400 37.7906 23.9436 0.00475595 37.8265 0.0237087 0.145731 -3520.14 93.1484
250821-1303_12_6 4 400 37.7767 23.7363 0.00531395 37.8197 0.0275403 0.11682 -3491.82 92.4329
250821-1303_12_7 4 400 37.7031 23.4329 0.00809174 37.7564 0.0220922 0.271369 -3484.91 92.4302
250821-1303_12_8 4 400 37.7255 23.3757 0.00345033 37.7808 0.0142588 0.915888 -3479.77 92.239
250821-1303_12_9 4 400 37.7355 23.7829 0.00636209 37.7768 0.0212033 0.156584 -3502.36 92.8131
250821-1303_13_0 4 400 37.7377 23.4164 0.00748013 37.7915 0.0215454 0.27378 -3493.31 92.568
250821-1303_13_10 4 400 37.7339 23.6971 0.0048795 37.7782 0.0343906 0.0934217 -3488.82 92.4574
250821-1303_13_11 4 400 37.7278 23.7014 0.00377964 37.772 0.0163587 0.291967 -3480.72 92.2587
250821-1303_13_12 4 400 37.7017 23.221 0.00331662 37.7622 0.0272029 0.533247 -3481.91 92.3541
250821-1303_13_1 4 400 37.7228 23.5713 0.0040708 37.7714 0.0125261 1.29866 -3500.1 92.7848
250821-1303_13_13 4 400 37.7344 23.6829 0.0099403 37.7792 0.0204301 0.174104 -3512.79 93.0924
250821-1303_13_14 4 400 37.7146 23.59 0 37.7626 0.0127099 0.400874 -3533.89 93.7006
250821-1303_13_15 4 400 37.7386 23.5207 0.00188982 37.7889 0.0256195 0.0745723 -3498.04 92.6912
250821-1303_13_16 4 400 37.7333 23.9464 0.00377964 37.7691 0.0188551 0.12941 -3485.85 92.3812
250821-1303_13_17 4 400 37.7314 23.7286 0.00377964 37.7746 0.015494 0.114366 -3504.92 92.891
250821-1303_13_18 4 400 37.7293 23.7 3.83737e-15 37.7735 0.0212073 0.199534 -3487.71 92.4404
250821-1303_13_19 4 400 37.6695 23.3679 0.0048795 37.725 0.0276284 0.125351 -3486.7 92.5594
250821-1303_13_2 4 400 37.7832 23.9321 0.00393398 37.8195 0.016962 0.360801 -3546.41 93.8621
250821-1303_1_3 4 400 37.7419 23.6964 0.00377964 37.7862 0.0316386 0.097203 -3509.49 92.9861
250821-1303_13_3 4 400 37.7489 23.8286 0.00556349 37.7887 0.0236113 0.105094 -3516.68 93.1595
250821-1303_13_4 4 400 37.7475 23.6957 0.00449868 37.7919 0.0168674 0.788056 -3535.59 93.6641
250821-1303_13_5 4 400 37.7022 23.4307 0.00188982 37.7555 0.0249439 1.13 -3524.6 93.4851
250821-1303_13_6 4 400 37.7862 23.7536 0.00475595 37.8286 0.0267037 0.113765 -3504.38 92.742
250821-1303_13_7 4 400 37.7068 23.4049 0.00501427 37.761 0.0190906 0.47581 -3516.97 93.2713
250821-1303_13_8 4 400 37.738 23.3811 0.0019518 37.793 0.0208239 0.0631123 -3482.32 92.2761
250821-1303_13_9 4 400 37.7117 23.8543 0.009759 37.7506 0.0168884 0.303114 -3501.8 92.8572
250821-1303_14_0 4 400 37.7666 23.3903 0.00655017 37.8214 0.015146 0.436723 -3510.64 92.9558
250821-1303_14_10 4 400 37.7355 23.8 0.00408248 37.7763 0.0286014 0.0720233 -3481.73 92.2665
250821-1303_14_11 4 400 37.7337 23.7071 0.00393398 37.7777 0.0226481 0.0548492 -3502.8 92.8292
250821-1303_14_12 4 400 37.6965 23.2461 0.00566947 37.7561 0.0303337 0.112259 -3481.87 92.3655
250821-1303_14_1 4 400 37.7375 23.5821 0.00393398 37.7857 0.030017 0.113388 -3498.65 92.7098
250821-1303_14_13 4 400 37.7433 23.7029 0.00393398 37.7874 0.0251101 0.110472 -3498.33 92.687
250821-1303_14_14 4 400 37.7124 23.7434 0.00472077 37.7551 0.00895938 1.36477 -3525 93.4706
250821-1303_14_15 4 400 37.6696 23.5386 0.00748013 37.7193 0.0241842 0.268919 -3490.82 92.6691
250821-1303_14_16 4 400 37.7733 23.9054 0.00457738 37.8105 0.0147643 0.498532 -3503.91 92.7616
250821-1303_14_17 4 400 37.6844 23.735 0.005 37.7274 0.0315047 0.101666 -3502.63 92.9462
250821-1303_14_18 4 400 37.7033 23.7334 0.00596817 37.7464 0.0164926 0.381236 -3505.7 92.9808
250821-1303_14_19 4 400 37.6837 23.3806 0.00151186 37.7387 0.0164317 0.189867 -3503.51 92.9715
250821-1303_14_2 4 400 37.7904 23.9829 0.0048795 37.8249 0.0162974 0.531897 -3544 93.7804
250821-1303_1_4 4 400 37.7645 24.0136 0.00475595 37.798 0.0224821 0.0904519 -3516.8 93.1246
250821-1303_14_3 4 400 37.7658 23.8393 0.00188982 37.8052 0.02338 0.0884118 -3525.23 93.3444
250821-1303_14_4 4 400 37.7516 23.6864 0.00377964 37.7963 0.0220124 0.381027 -3497.5 92.6447
250821-1303_14_5 4 400 37.6689 23.4357 0.00345033 37.7221 0.0281513 0.102766 -3492.48 92.7151
250821-1303_14_6 4 400 37.7751 23.8106 0.00151186 37.8155 0.0182376 0.293497 -3514.13 93.0277
250821-1303_14_7 4 400 37.6934 23.4107 0.00188982 37.7475 0.018055 0.129942 -3510.55 93.1342
250821-1303_14_8 4 400 37.734 23.4364 0.00899735 37.7872 0.0228108 0.166994 -3487.61 92.426
250821-1303_14_9 4 400 37.6874 23.8771 0.00393398 37.7256 0.0350175 0.0610481 -3494.27 92.717
250821-1303_15_0 4 400 37.7457 23.406 0.004 37.7999 0.0212271 0.298856 -3492.51 92.5271
250821-1303_15_10 4 400 37.7581 23.81 0 37.7986 0.0338568 0.0784867 -3482.87 92.2407
250821-1303_15_11 4 400 37.7507 23.7499 0.00827503 37.7932 0.0271464 0.165046 -3487.72 92.3874
250821-1303_15_12 4 400 37.7085 23.2664 0.00475595 37.7675 0.0239634 0.192001 -3492.03 92.6058
250821-1303_15_1 4 400 37.7331 23.6286 0.00377964 37.7797 0.0164008 0.230342 -3506.98 92.9414
250821-1303_15_13 4 400 37.6913 23.7014 0.00243975 37.7354 0.011539 0.143616 -3500.71 92.8784
250821-1303_15_14 4 400 37.7312 23.7571 0.00566947 37.7735 0.0219291 0.0965513 -3521.73 93.337
250821-1303_15_15 4 400 37.727 23.575 0.00408248 37.7755 0.0204496 0.256815 -3494.31 92.6207
250821-1303_15_16 4 400 37.7506 23.9107 0.00188982 37.7876 0.013471 0.329572 -3489.36 92.432
250821-1303_15_17 4 400 37.6971 23.67 0.00816497 37.7423 0.0263922 0.0765626 -3499.78 92.8392
250821-1303_15_18 4 400 37.767 23.7511 0.00661888 37.8095 0.0180187 0.141062 -3501.79 92.7206
250821-1303_15_19 4 400 37.6622 23.3657 0.00449868 37.7178 0.0125154 1.34248 -3502.58 92.9996
250821-1303_15_2 4 400 37.7571 23.9984 0.00489412 37.7912 0.0274036 0.0773496 -3517.06 93.1493
250821-1303_1_5 4 400 37.7669 23.895 0.00408248 37.8044 0.030974 0.0795009 -3508.04 92.8861
250821-1303_15_3 4 400 37.7435 23.9414 0.00475595 37.7795 0.0275777 0.0843469 -3506.85 92.9122
250821-1303_15_4 4 400 37.7618 23.6921 0.00267261 37.8062 0.0148506 0.0861891 -3513 93.0305
250821-1303_15_5 4 400 37.7078 23.4564 0.00556349 37.7602 0.0288598 0.131543 -3506.78 92.9985
250821-1303_15_6 4 400 37.7685 23.8279 0.00809174 37.8084 0.0258503 0.126372 -3500.32 92.6777
250821-1303_15_7 4 400 37.7282 23.5733 0.00731925 37.7767 0.013127 1.55951 -3517.51 93.2331
250821-1303_15_8 4 400 37.7609 23.4514 0.00243975 37.8136 0.0203564 0.120609 -3499.75 92.6819
250821-1303_15_9 4 400 37.6868 23.8131 0.00362531 37.7272 0.0205324 0.0836082 -3478.41 92.2976
250821-1303_16_0 4 400 37.7422 23.5634 0.00472077 37.791 0.0113311 0.409533 -3504.04 92.8415
250821-1303_16_10 4 400 37.7514 23.7449 0.00708116 37.7941 0.0257253 0.243372 -3487.68 92.3855
250821-1303_16_11 4 400 37.7783 23.7657 0.00534522 37.8202 0.0176287 0.182959 -3513.22 92.996
250821-1303_16_12 4 400 37.7214 23.2477 0.00706433 37.781 0.00845383 1.72419 -3492.64 92.5903
250821-1303_16_1 4 400 37.7432 23.6369 0.00414039 37.7896 0.0294062 0.0960715 -3493.39 92.5563
250821-1303_16_13 4 400 37.7159 23.7156 0.00711471 37.7595 0.0210985 0.178655 -3505.58 92.9471
250821-1303_16_14 4 400 37.7522 23.6686 0.00748013 37.7974 0.0284005 0.10053 -3480.93 92.2047
250821-1303_16_15 4 400 37.7474 23.5871 0.00267261 37.7954 0.020457 0.312263 -3503.03 92.8019
250821-1303_16_16 4 400 37.73 23.2886 0.00377964 37.7882 0.0287678 0.0746389 -3492.41 92.5631
250821-1303_16_17 4 400 37.728 23.6921 0.00636209 37.7724 0.0332881 0.0841473 -3481.12 92.2681
250821-1303_16_18 4 400 37.7185 23.7171 0.00267261 37.7621 0.0229247 0.217744 -3517.71 93.2623
250821-1303_16_19 4 400 37.7286 23.3734 0.00269921 37.7839 0.0272532 0.142254 -3522.15 93.3548
250821-1303_16_2 4 400 37.7705 23.9514 0.00243975 37.8062 0.0202735 0.126917 -3533.89 93.5619
250821-1303_1_6 4 400 37.7006 23.5743 0.00449868 37.7491 0.0206341 0.401163 -3511.94 93.153
250821-1303_16_3 4 400 37.7554 23.9479 0.00267261 37.7911 0.0300069 0.08647 -3513.19 93.0508
250821-1303_16_4 4 400 37.7589 23.7283 0.0029277 37.8022 0.0200677 0.283803 -3522.54 93.2902
250821-1303_16_5 4 400 37.7111 23.469 0.005 37.7631 0.0290904 0.219371 -3502.56 92.8784
250821-1303_16_6 4 400 37.7879 23.81 0 37.8284 0.0122229 0.280871 -3526.91 93.3342
250821-1303_16_7 4 400 37.736 23.5893 0.00188982 37.784 0.00629792 1.7507 -3528.38 93.5014
250821-1303_16_8 4 400 37.6838 23.4883 0.00518698 37.7352 0.015397 0.534668 -3518.15 93.3597
250821-1303_16_9 4 400 37.7431 23.8264 0.00475595 37.783 0.0199497 0.10144 -3493.13 92.55
250821-1303_17_0 4 400 37.7515 23.5829 0.00809174 37.7997 0.0114804 0.799133 -3494.16 92.5568
250821-1303_17_10 4 400 37.7701 23.7614 0.00748013 37.8122 0.0336902 0.111576 -3489.78 92.3947
250821-1303_17_11 4 400 37.7391 23.73 3.83737e-15 37.7822 0.0190248 0.254612 -3516.55 93.1802
250821-1303_17_12 4 400 37.7095 23.2629 0.00566947 37.7685 0.0232131 0.0961452 -3495.31 92.6903
250821-1303_17_1 4 400 37.7436 23.6807 0.00345033 37.7884 0.0126724 0.829158 -3491.64 92.5094
250821-1303_17_13 4 400 37.7111 23.7686 0.00377964 37.753 0.0194759 0.253367 -3501.74 92.8571
250821-1303_17_14 4 400 37.7816 23.6907 0.00672593 37.8261 0.022098 0.14714 -3505.27 92.7771
250821-1303_17_15 4 400 37.7024 23.5886 0.00243975 37.7504 0.0204345 0.406741 -3445.61 91.3893
250821-1303_17_16 4 400 37.7085 23.2993 0.00345033 37.7663 0.0271714 0.178376 -3486.56 92.4608
250821-1303_17_17 4 400 37.7442 23.7549 0.00731274 37.7866 0.0248746 0.142676 -3487.14 92.3884
250821-1303_17_18 4 400 37.7451 23.7231 0.00362531 37.7885 0.0211416 0.212034 -3519.36 93.2403
250821-1303_17_19 4 400 37.7134 23.4193 0.00534522 37.7672 0.0254739 0.164636 -3509 93.0438
250821-1303_17_2 4 400 37.7765 23.9564 0.00377964 37.8119 0.0122151 0.289031 -3551.02 94.0007
250821-1303_1_7 4 400 37.7071 23.2206 0.00778582 37.7676 0.0261334 0.081183 -3497.42 92.752
250821-1303_17_3 4 400 37.7275 23.8736 0.00377964 37.7658 0.0258804 0.12884 -3501.84 92.8188
250821-1303_17_4 4 400 37.7558 23.7364 0.00475595 37.7988 0.0154815 0.453437 -3521.84 93.2789
250821-1303_17_5 4 400 37.6879 23.4536 0.00377964 37.7405 0.0113464 0.698055 -3488.14 92.553
250821-1303_17_6 4 400 37.7493 23.8156 0.0061062 37.7895 0.0165391 0.0774598 -3510.89 93.0055
250821-1303_17_7 4 400 37.7268 23.51 0.00816497 37.7775 0.022032 0.0991305 -3507.69 92.9757
250821-1303_17_8 4 400 37.6639 23.5064 0.00556349 37.7147 0.019468 0.35157 -3498.04 92.8751
250821-1303_17_9 4 400 37.7687 23.4091 0.00226779 37.8228 0.0249717 0.153285 -3499.65 92.6599
250821-1303_18_0 4 400 37.7323 23.5061 0.0110518 37.7831 0.0389202 0.0797643 -3493.61 92.5886
250821-1303_18_10 4 400 37.7677 23.8177 0.00644759 37.8079 0.0181601 0.122793 -3502.08 92.7265
250821-1303_18_11 4 400 37.7334 23.73 3.83737e-15 37.7765 0.0194299 0.23263 -3492.58 92.5594
250821-1303_18_12 4 400 37.7075 23.314 0.00447214 37.7648 0.0272172 0.123922 -3486.25 92.4549
250821-1303_18_1 4 400 37.7381 23.6921 0.00566947 37.7826 0.0125227 0.832053 -3488.83 92.4485
250821-1303_18_13 4 400 37.6877 23.7914 0.00944911 37.7287 0.021332 0.187772 -3509.13 93.1105
250821-1303_18_14 4 400 37.756 23.795 0.00408248 37.797 0.0238609 0.0759116 -3485.12 92.3058
250821-1303_18_15 4 400 37.7314 23.5907 0.00188982 37.7793 0.018231 0.12643 -3478.86 92.2006
250821-1303_18_16 4 400 37.6991 23.32 0.005 37.7562 0.0306442 0.17924 -3479.16 92.2873
250821-1303_18_17 4 400 37.7769 23.7743 0.00534522 37.8185 0.0271962 0.145916 -3490.81 92.4058
250821-1303_18_18 4 400 37.7279 23.88 0 37.766 0.0113178 0.528402 -3518.38 93.2565
250821-1303_18_19 4 400 37.6931 23.4357 0.00838082 37.7463 0.022938 0.225825 -3512.71 93.1924
250821-1303_18_2 4 400 37.7693 23.6484 0.0035051 37.8152 0.0150094 0.168386 -3553.32 94.0793
250821-1303_1_8 4 400 37.7291 23.6879 0.00755929 37.7737 0.0183261 0.349727 -3521.3 93.3311
250821-1303_18_3 4 400 37.7524 23.8811 0.0019518 37.7905 0.0285843 0.106298 -3517.63 93.1756
250821-1303_18_4 4 400 37.7328 23.7007 0.00188982 37.777 0.0179902 0.176228 -3500 92.7573
250821-1303_18_5 4 400 37.6887 23.4593 0.00534522 37.741 0.0232523 0.126941 -3495.29 92.7409
250821-1303_18_6 4 400 37.7497 23.8826 0.00377964 37.7877 0.0156307 0.162048 -3509.63 92.9709
250821-1303_18_7 4 400 37.7058 23.5271 0.00809174 37.7558 0.0274149 0.0647399 -3504.3 92.9376
250821-1303_18_8 4 400 37.6233 23.5056 0.0069966 37.6741 0.0363468 0.0916691 -3458.44 91.922
250821-1303_18_9 4 400 37.6945 23.4107 0.00188982 37.7485 0.027199 0.13342 -3477.12 92.2447
250821-1303_19_0 4 400 37.7604 23.525 0.00816497 37.8105 0.0247583 0.0873004 -3506.11 92.8513
250821-1303_19_10 4 400 37.7646 23.8371 0.00636209 37.8041 0.0200848 0.184698 -3494.98 92.5466
250821-1303_19_11 4 400 37.7549 23.8984 0.0035051 37.7924 0.0165207 0.678801 -3507.38 92.8986
250821-1303_19_12 4 400 37.724 23.3307 0.00731925 37.7807 0.0270993 0.104677 -3501.16 92.8097
250821-1303_19_1 4 400 37.7523 23.69 0.00408248 37.7968 0.022044 0.197408 -3488.39 92.4018
250821-1303_19_13 4 400 37.7592 23.7507 0.00188982 37.8017 0.014585 0.321062 -3511.3 92.9918
250821-1303_19_14 4 400 37.7514 23.8086 0.00243975 37.792 0.0239543 0.0947621 -3479.77 92.1753
250821-1303_19_15 4 400 37.7304 23.6333 0.00549892 37.7769 0.0183267 0.134411 -3498.84 92.7324
250821-1303_19_16 4 400 37.715 23.3379 0.00393398 37.7715 0.024971 0.0678821 -3480.51 92.2847
250821-1303_19_17 4 400 37.7813 23.7557 0.00534522 37.8236 0.0182895 0.157093 -3510.4 92.9135
250821-1303_19_18 4 400 37.7341 23.8891 0.00549025 37.7719 0.0107199 1.40988 -3546.82 93.9948
250821-1303_19_19 4 400 37.7246 23.4791 0.00226779 37.7763 0.0170562 0.494988 -3518.41 93.2657
250821-1303_19_2 4 400 37.7528 23.6486 0.00243975 37.7988 0.0226927 0.206943 -3525.08 93.3727
250821-1303_1_9 4 400 37.6596 23.7036 0.00475595 37.7037 0.0124797 0.587344 -3484.67 92.5306
250821-1303_19_3 4 400 37.757 23.9379 0.00636209 37.7931 0.0245498 0.135355 -3525.83 93.3817
250821-1303_19_4 4 400 37.7389 23.7057 0.00345033 37.7829 0.0220187 0.0588278 -3498.94 92.7143
250821-1303_19_5 4 400 37.7183 23.5086 0.00626783 37.769 0.0244984 0.120242 -3509.81 93.0531
250821-1303_19_6 4 400 37.7625 23.9024 0.00743544 37.7998 0.0135643 0.232386 -3517.61 93.1506
250821-1303_19_7 4 400 37.7236 23.632 0.00382971 37.7701 0.0290181 0.0742641 -3499.3 92.7609
250821-1303_19_8 4 400 37.7131 23.5171 0.00393398 37.7635 0.0163906 0.569863 -3508.54 93.0322
250821-1303_19_9 4 400 37.725 23.4407 0.00672593 37.778 0.0233928 0.144893 -3487.84 92.4542
250821-1303_20_0 4 400 37.7707 23.6306 0.00151186 37.8173 0.0219366 0.176249 -3501.59 92.7065
250821-1303_20_10 4 400 37.7558 23.8357 0.00449868 37.7954 0.0181562 0.147758 -3509.72 92.9583
250821-1303_20_11 4 400 37.7956 23.9091 0.00226779 37.8327 0.0204389 0.335207 -3521.84 93.1813
250821-1303_20_12 4 400 37.709 23.3643 0.00534522 37.7646 0.0126257 0.329326 -3516.68 93.2583
250821-1303_20_1 4 400 37.7515 23.6979 0.00267261 37.7958 0.0164236 0.24817 -3501.17 92.7423
250821-1303_20_13 4 400 37.7362 23.7657 0.00449868 37.7781 0.0194822 0.112224 -3510.34 93.023
250821-1303_20_14 4 400 37.7352 23.7371 0.00698638 37.7781 0.0170494 0.223469 -3485.29 92.3616
250821-1303_20_15 4 400 37.7431 23.652 0.00629815 37.7889 0.0210416 0.117988 -3496.9 92.6498
250821-1303_20_16 4 400 37.7241 23.327 0.00783156 37.7809 0.00794835 3.09043 -3505.43 92.9228
250821-1303_20_17 4 400 37.7514 23.7686 0.00243975 37.7932 0.0278243 0.116064 -3491.76 92.4934
250821-1303_20_18 4 400 37.7633 23.8014 0.00626783 37.8041 0.025516 0.129845 -3510.27 92.9539
250821-1303_20_19 4 400 37.749 23.4877 0.00740977 37.8004 0.00757177 1.10409 -3521.16 93.2781
250821-1303_20_2 4 400 37.7711 23.66 0 37.8167 0.0219673 0.244112 -3519.16 93.1708
250821-1303_2_0 4 400 37.7256 23.1943 0.00731925 37.787 0.0264832 0.080741 -3478.72 92.2107
250821-1303_20_3 4 400 37.752 23.9514 0.00243975 37.7876 0.0163032 0.200675 -3523.55 93.3343
250821-1303_20_4 4 400 37.7246 23.865 0.005 37.7632 0.0156592 1.63298 -3502.94 92.8555
250821-1303_20_5 4 400 37.7568 23.52 3.83737e-15 37.8072 0.0168389 0.319514 -3531.71 93.538
250821-1303_20_6 4 400 37.7507 23.84 0 37.7901 0.0198019 0.176693 -3511.28 93.0121
250821-1303_20_7 4 400 37.7586 23.6479 0.00698638 37.8045 0.0301877 0.111328 -3531.62 93.5311
250821-1303_20_8 4 400 37.7187 23.5571 0.00566947 37.7677 0.0312379 0.0819597 -3476.59 92.1711
250821-1303_20_9 4 400 37.7229 23.4507 0.00188982 37.7756 0.0296799 0.20644 -3491.12 92.5458
250821-1303_2_10 4 400 37.7851 23.5486 0.00377964 37.8344 0.0112391 0.777815 -3509.91 92.8915
250821-1303_21_0 4 400 37.767 23.6454 0.00677882 37.813 0.0278313 0.0786433 -3500.18 92.6779
250821-1303_21_10 4 400 37.734 23.8414 0.00243975 37.7734 0.0163368 0.14755 -3511.35 93.0553
250821-1303_21_11 4 400 37.7697 23.8171 0.0048795 37.8099 0.0277742 0.101307 -3509.3 92.913
250821-1303_21_12 4 400 37.7095 23.382 0.00382971 37.7645 0.00870056 0.541848 -3518.25 93.2987
250821-1303_2_11 4 400 37.7723 23.8814 0.00377964 37.8103 0.0212028 0.143788 -3504.47 92.779
250821-1303_21_1 4 400 37.741 23.729 0.00387298 37.7842 0.0199069 0.270005 -3477.54 92.1422
250821-1303_21_13 4 400 37.7175 23.3817 0.00213809 37.7725 0.0181362 0.196867 -3511.46 93.0989
250821-1303_21_14 4 400 37.7315 23.7564 0.00626783 37.7738 0.0295575 0.145907 -3502.46 92.8255
250821-1303_21_15 4 400 37.7696 23.6207 0.00449868 37.8165 0.0183181 0.285561 -3518.36 93.1529
250821-1303_21_16 4 400 37.7089 23.3386 0.00243975 37.7654 0.0334778 0.16972 -3493.53 92.6446
250821-1303_21_17 4 400 37.7737 23.84 0.00408248 37.8131 0.0145456 0.371647 -3494.88 92.5215
250821-1303_21_18 4 400 37.7008 23.812 0.00382971 37.7412 0.0238081 0.193532 -3501.97 92.8883
250821-1303_21_19 4 400 37.7318 23.4836 0.00475595 37.7834 0.0139022 0.156342 -3502.11 92.8158
250821-1303_2_12 4 400 37.7576 23.8764 0.00377964 37.7958 0.030285 0.0911232 -3513.99 93.0665
250821-1303_21_2 4 400 37.7671 23.6679 0.0048795 37.8124 0.0246968 0.0674719 -3520.76 93.2225
250821-1303_2_1 4 400 37.7727 23.6979 0.00393398 37.817 0.0210173 0.163674 -3513.41 93.0146
250821-1303_2_13 4 400 37.7242 23.4557 0.00449868 37.7767 0.00966568 0.100531 -3490.69 92.5316
250821-1303_21_3 4 400 37.7452 23.9186 0.00243975 37.782 0.0221451 0.0552962 -3518.37 93.2134
250821-1303_2_14 4 400 37.696 23.4136 0.00475595 37.75 0.00679815 1.85242 -3490.73 92.602
250821-1303_21_4 4 400 37.7445 23.8793 0.00188982 37.7826 0.0124103 0.791842 -3517.3 93.187
250821-1303_2_15 4 400 37.7513 23.835 0.00645497 37.791 0.0139159 0.413259 -3528.86 93.4764
250821-1303_21_5 4 400 37.7375 23.56 0 37.7865 0.0218795 0.303964 -3525.42 93.4191
250821-1303_2_16 4 400 37.7529 23.7086 0.00690066 37.7968 0.0271012 0.0723017 -3499.33 92.69
250821-1303_21_6 4 400 37.715 23.8514 0.00475595 37.7541 0.0213986 0.292734 -3508.78 93.0336
250821-1303_2_17 4 400 37.7576 23.4564 0.00852168 37.8101 0.0142332 0.503077 -3497.45 92.6289
250821-1303_21_7 4 400 37.7402 23.5857 0.00607493 37.7883 0.0307197 0.101101 -3520.54 93.2831
250821-1303_2_18 4 400 37.7475 23.5606 0.00151186 37.7964 0.027964 0.105962 -3494.66 92.5796
250821-1303_21_8 4 400 37.7475 23.569 0.00632456 37.7961 0.0203923 0.103287 -3484.82 92.3192
250821-1303_2_19 4 400 37.768 23.8679 0.00636209 37.8065 0.0235416 0.170958 -3506.51 92.8426
250821-1303_21_9 4 400 37.6782 23.4329 0.00267261 37.7315 0.0112298 2.55348 -3469.56 92.0839
250821-1303_22_0 4 400 37.7759 23.5893 0.00607493 37.8238 0.0198645 0.14798 -3510.61 92.9326
250821-1303_22_10 4 400 37.7602 23.8969 0.00915475 37.7977 0.0206693 0.358017 -3500.83 92.7119
250821-1303_22_11 4 400 37.7514 23.8329 0.00393398 37.7911 0.0238219 0.122225 -3507.91 92.921
250821-1303_22_12 4 400 37.7419 23.3811 0.0019518 37.797 0.00976138 1.03038 -3488.48 92.4296
250821-1303_22_1 4 400 37.7361 23.7404 0.00652833 37.7789 0.0169841 0.496009 -3491.7 92.5296
250821-1303_22_13 4 400 37.7072 23.3913 0.0040708 37.7619 0.0256448 0.0722878 -3502.21 92.8788
250821-1303_22_14 4 400 37.7289 23.8143 0.00534522 37.7692 0.0284772 0.0584688 -3509.88 93.0283
250821-1303_22_15 4 400 37.736 23.6286 0.00243975 37.7826 0.0177314 0.225941 -3508.33 92.9703
250821-1303_22_16 4 400 37.7044 23.3849 0.00764697 37.7593 0.02416 0.143573 -3493.11 92.6444
250821-1303_22_17 4 400 37.7598 23.8607 0.00731925 37.7985 0.031965 0.0324592 -3493.89 92.5287
250821-1303_22_18 4 400 37.7643 23.915 0.00408248 37.8011 0.0190772 0.316191 -3510.59 92.9605
250821-1303_22_19 4 400 37.7293 23.4931 0.00362531 37.7805 0.0196548 0.148748 -3499.69 92.7575
250821-1303_22_2 4 400 37.7586 23.6523 0.00213809 37.8044 0.00757243 1.60476 -3528.16 93.44
250821-1303_2_2 4 400 37.7352 23.8764 0.00475595 37.7734 0.0177222 0.566254 -3543.73 93.9105
250821-1303_22_3 4 400 37.7483 23.9229 0.00393398 37.7849 0.0268426 0.112072 -3520.91 93.273
250821-1303_22_4 4 400 37.7736 23.7829 0.0048795 37.815 0.0150554 0.18805 -3532.5 93.5173
250821-1303_22_5 4 400 37.7605 23.5706 0.00373529 37.8091 0.00596677 1.11756 -3538.19 93.7008
250821-1303_22_6 4 400 37.7565 23.1821 0.00267261 37.8183 0.0254555 0.161752 -3504.05 92.8061
250821-1303_22_7 4 400 37.7316 23.6007 0.00672593 37.7792 0.0243364 0.129111 -3509.46 93.011
250821-1303_22_8 4 400 37.7498 23.5386 0.00475595 37.7995 0.0214779 0.180603 -3490.63 92.4673
250821-1303_22_9 4 400 37.7235 23.4479 0.00267261 37.7763 0.0215226 0.323419 -3491.58 92.557
250821-1303_2_3 4 400 37.7618 23.7 3.83737e-15 37.806 0.0215269 0.0940179 -3518.48 93.1754
250821-1303_2_4 4 400 37.7563 23.9457 0.00449868 37.7921 0.0142429 0.218298 -3521.43 93.2673
250821-1303_2_5 4 400 37.7632 23.9046 0.00411733 37.8004 0.0322165 0.117161 -3505.72 92.8339
250821-1303_2_6 4 400 37.713 23.6164 0.00626783 37.7601 0.0249373 0.126298 -3503.56 92.9003
250821-1303_2_7 4 400 37.7178 23.2336 0.00475595 37.7778 0.0278283 0.11144 -3500.66 92.8117
250821-1303_2_8 4 400 37.7659 23.6836 0.00377964 37.8107 0.0240162 0.241862 -3510.53 92.9548
250821-1303_2_9 4 400 37.6835 23.7199 0.00633584 37.7271 0.0282157 0.0626999 -3508.72 93.1098
250821-1303_3_0 4 400 37.7047 23.2071 0.00566947 37.7657 0.016364 0.11983 -3482.22 92.3542
250821-1303_3_10 4 400 37.7425 23.5593 0.00188982 37.7915 0.0127911 0.638945 -3517.89 93.2076
250821-1303_3_11 4 400 37.7676 23.56 0 37.8166 0.0301474 0.0594944 -3505.51 92.8176
250821-1303_3_12 4 400 37.7635 23.884 0.00447214 37.8015 0.0282917 0.116946 -3510.66 92.9639
250821-1303_3_1 4 400 37.7609 23.6779 0.00393398 37.8058 0.0201616 0.128676 -3524.78 93.3445
250821-1303_3_13 4 400 37.7508 23.4221 0.0048795 37.8045 0.0240204 0.0491084 -3498.2 92.6652
250821-1303_3_14 4 400 37.7312 23.4257 0.00607493 37.7847 0.0286352 0.134734 -3496.24 92.6613
250821-1303_3_15 4 400 37.7247 23.8941 0.00817371 37.7623 0.0185835 0.617068 -3497.92 92.722
250821-1303_3_16 4 400 37.7538 23.7269 0.00414039 37.7971 0.0360743 0.0838686 -3490.05 92.442
250821-1303_3_17 4 400 37.6872 23.455 0.005 37.7397 0.02337 0.441053 -3467.47 92.0063
250821-1303_3_18 4 400 37.724 23.5649 0.00226779 37.7728 0.0170113 0.05828 -3485.1 92.384
250821-1303_3_19 4 400 37.743 23.9257 0.00534522 37.7795 0.0207139 0.259366 -3502.36 92.7947
250821-1303_3_2 4 400 37.7459 23.882 0.00382971 37.7839 0.0142751 1.70824 -3524.67 93.3786
250821-1303_3_3 4 400 37.774 23.7393 0.00188982 37.8169 0.0218739 0.341738 -3523.82 93.2866
250821-1303_3_4 4 400 37.7325 23.95 3.83737e-15 37.7682 0.0230275 0.152025 -3511.66 93.0669
250821-1303_3_5 4 400 37.7655 23.8379 0.00267261 37.805 0.0243087 0.08267 -3497.54 92.6122
250821-1303_3_6 4 400 37.7192 23.6279 0.00267261 37.7659 0.0201055 0.0899911 -3505.7 92.9415
250821-1303_3_7 4 400 37.6682 23.2231 0.00362531 37.7286 0.0129488 1.46777 -3491.97 92.7032
250821-1303_3_8 4 400 37.7545 23.6971 0.00393398 37.7988 0.0180609 0.115327 -3515.57 93.1163
250821-1303_3_9 4 400 37.7543 23.6311 0.0019518 37.8008 0.0370231 0.0800551 -3490.39 92.449
250821-1303_4_0 4 400 37.7081 23.1993 0.00345033 37.7694 0.0122656 0.799815 -3503.39 92.9082
250821-1303_4_10 4 400 37.6929 23.56 0 37.7418 0.0191624 0.610065 -3490.04 92.5913
250821-1303_4_11 4 400 37.7473 23.5631 0.00362531 37.7962 0.0253905 0.107459 -3494.89 92.5861
250821-1303_4_12 4 400 37.7712 23.9493 0.00188982 37.807 0.0220181 0.156613 -3520.1 93.1952
250821-1303_4_1 4 400 37.7573 23.6971 0.00393398 37.8016 0.022763 0.180098 -3506.72 92.8754
250821-1303_4_13 4 400 37.7197 23.4371 0.00755929 37.7728 0.0126938 0.578942 -3521.79 93.3673
250821-1303_4_14 4 400 37.7453 23.4791 0.00226779 37.797 0.0219893 0.0934094 -3487.23 92.3883
250821-1303_4_15 4 400 37.7387 23.9121 0.00267261 37.7756 0.0256364 0.182925 -3492.68 92.5491
250821-1303_4_16 4 400 37.6644 23.8314 0.00801784 37.7041 0.0271789 0.331281 -3504.76 93.0521
250821-1303_4_17 4 400 37.7707 23.4697 0.00743223 37.8228 0.0210219 0.128216 -3501.88 92.714
250821-1303_4_18 4 400 37.743 23.5893 0.00188982 37.791 0.0188398 0.327762 -3499.37 92.7156
250821-1303_4_19 4 400 37.7652 23.945 0.0057735 37.8011 0.0112408 0.266247 -3506.38 92.8466
250821-1303_4_2 4 400 37.7215 23.7929 0.00566947 37.7625 0.0250487 0.14857 -3511.44 93.0882
250821-1303_4_3 4 400 37.7808 23.7496 0.00550325 37.8233 0.00493622 0.73129 -3522.39 93.2324
250821-1303_4_4 4 400 37.7318 23.5543 0.00188982 37.7809 0.0214412 0.129144 -3518 93.2367
250821-1303_4_5 4 400 37.7746 23.845 0.00408248 37.8139 0.0219484 0.0723642 -3505.8 92.8082
250821-1303_4_6 4 400 37.7085 23.5914 0.00243975 37.7563 0.0243345 0.116529 -3502.56 92.8849
250821-1303_4_7 4 400 37.6728 23.2307 0.00188982 37.733 0.0252739 0.12453 -3501.15 92.9351
250821-1303_4_8 4 400 37.7391 23.7543 0.00932227 37.7815 0.0143271 0.277791 -3501.58 92.7836
250821-1303_4_9 4 400 37.7011 23.653 0.00458258 37.7469 0.0332022 0.0930512 -3491.78 92.6171
250821-1303_5_0 4 400 37.7303 23.2129 0.00906327 37.791 0.03383 0.0526435 -3516.57 93.202
250821-1303_5_10 4 400 37.7033 23.5646 0.00411733 37.7521 0.0206129 0.173757 -3514.63 93.218
250821-1303_5_11 4 400 37.7387 23.5907 0.00188982 37.7866 0.019156 0.0981664 -3494.43 92.595
250821-1303_5_12 4 400 37.74 23.9629 0.00859125 37.7753 0.0251131 0.100569 -3518.2 93.2209
250821-1303_5_1 4 400 37.7328 23.7686 0.00475595 37.7746 0.0273314 0.059351 -3498.91 92.7284
250821-1303_5_13 4 400 37.6914 23.5914 0.00243975 37.7392 0.0132584 0.883542 -3507.79 93.0661
250821-1303_5_14 4 400 37.7164 23.4913 0.00740977 37.7677 0.0282652 0.0880193 -3495.18 92.6698
250821-1303_5_15 4 400 37.7517 23.8621 0.00393398 37.7904 0.0279217 0.103916 -3488.45 92.4047
250821-1303_5_16 4 400 37.7005 23.84 0 37.74 0.0312073 0.140249 -3509.73 93.0943
250821-1303_5_17 4 400 37.774 23.5143 0.00607493 37.8245 0.0129571 0.347397 -3505.63 92.8052
250821-1303_5_18 4 400 37.7239 23.595 0.005 37.7717 0.0241115 0.079763 -3490.85 92.5366
250821-1303_5_19 4 400 37.7643 23.9321 0.00393398 37.8006 0.0259214 0.184412 -3505.11 92.8149
250821-1303_5_2 4 400 37.7149 23.8093 0.00188982 37.7553 0.0335206 0.0606148 -3491.68 92.5806
250821-1303_5_3 4 400 37.6911 23.7404 0.00304725 37.7339 0.0172436 0.967321 -3488.7 92.5604
250821-1303_5_4 4 400 37.7153 23.5579 0.00267261 37.7643 0.0257606 0.10954 -3517.28 93.2584
250821-1303_5_5 4 400 37.7812 23.9071 0.0048795 37.8183 0.0193414 0.202436 -3520.65 93.1852
250821-1303_5_6 4 400 37.7149 23.5986 0.00377964 37.7625 0.0279878 0.0754413 -3491.68 92.5807
250821-1303_5_7 4 400 37.679 23.2886 0.00626783 37.7372 0.0290275 0.0775165 -3496.4 92.7943
250821-1303_5_8 4 400 37.7856 23.7714 0.00475595 37.8273 0.011125 0.490602 -3542.28 93.7469
250821-1303_5_9 4 400 37.7107 23.755 0.005 37.7531 0.0238109 0.138356 -3482.7 92.3529
250821-1303_6_0 4 400 37.7299 23.2657 0.00607493 37.7889 0.0254019 0.185507 -3521.59 93.3365
250821-1303_6_10 4 400 37.7183 23.6057 0.00672593 37.7657 0.0200876 0.187899 -3492.2 92.5864
250821-1303_6_11 4 400 37.7465 23.5964 0.00626783 37.7943 0.0314914 0.0746806 -3483.29 92.2801
250821-1303_6_12 4 400 37.7675 23.9429 0.00393398 37.8035 0.0116617 0.278647 -3527.15 93.3909
250821-1303_6_1 4 400 37.7946 23.7929 0.011127 37.8357 0.020148 0.369394 -3507.03 92.7915
250821-1303_6_13 4 400 37.7063 23.6071 0.00636209 37.7536 0.0161786 0.987504 -3523.78 93.4534
250821-1303_6_14 4 400 37.7085 23.5307 0.00607493 37.7584 0.0147748 0.480583 -3506.61 92.9924
250821-1303_6_15 4 400 37.6917 23.875 0.00408248 37.7299 0.0187428 0.106427 -3504.51 92.9782
250821-1303_6_16 4 400 37.7501 23.7757 0.00534522 37.7917 0.0349505 0.111671 -3501.52 92.7546
250821-1303_6_17 4 400 37.7803 23.5293 0.00449868 37.8303 0.0200849 0.115669 -3493.3 92.4632
250821-1303_6_18 4 400 37.7034 23.585 0.00408248 37.7515 0.0104105 1.64781 -3489.16 92.5423
250821-1303_6_19 4 400 37.7474 23.9429 0.00393398 37.7833 0.0200763 0.293555 -3500.15 92.7257
250821-1303_6_2 4 400 37.7385 23.91 0 37.7755 0.0274085 0.105467 -3491.04 92.506
250821-1303_6_3 4 400 37.7223 23.7411 0.0019518 37.7651 0.022383 0.0911646 -3521.27 93.3473
250821-1303_6_4 4 400 37.6967 23.5743 0.00449868 37.7452 0.0305411 0.0581707 -3510.81 93.1326
250821-1303_6_5 4 400 37.7726 23.9143 0.00534522 37.8096 0.0234746 0.169345 -3511.23 92.9569
250821-1303_6_6 4 400 37.7388 23.7579 0.0048795 37.7811 0.00519851 0.755621 -3517.51 93.2067
250821-1303_6_7 4 400 37.6953 23.3086 0.00243975 37.7528 0.0199863 0.0653645 -3495.04 92.7181
250821-1303_6_8 4 400 37.7769 23.73 3.83737e-15 37.8201 0.0280134 0.0373373 -3513.2 92.9983
250821-1303_6_9 4 400 37.7343 23.7686 0.00377964 37.7761 0.0263927 0.101049 -3498.19 92.7058
250821-1303_7_0 4 400 37.7328 23.2829 0.00755929 37.7912 0.0244039 0.191815 -3505.38 92.8996
250821-1303_7_10 4 400 37.7633 23.6236 0.00556349 37.8101 0.0191273 0.169278 -3493.04 92.4986
250821-1303_7_11 4 400 37.7471 23.5864 0.00377964 37.7951 0.011858 0.662533 -3492.41 92.5212
250821-1303_7_12 4 400 37.719 23.9493 0.00188982 37.7547 0.02078 0.0822836 -3501.21 92.8233
250821-1303_7_1 4 400 37.7683 23.7343 0.00345033 37.8114 0.022502 0.292957 -3502.48 92.736
250821-1303_7_13 4 400 37.6917 23.5264 0.00801784 37.7418 0.0303682 0.201622 -3512.27 93.184
250821-1303_7_14 4 400 37.6775 23.5471 0.00566947 37.7269 0.0158777 1.20541 -3505.72 93.0455
250821-1303_7_15 4 400 37.754 23.4386 0.00475595 37.8071 0.0227657 0.198246 -3508.51 92.931
250821-1303_7_16 4 400 37.691 23.7893 0.00838082 37.7322 0.0297111 0.113062 -3498.83 92.8293
250821-1303_7_17 4 400 37.7747 23.499 0.00695222 37.8257 0.01564 0.358029 -3502.03 92.7084
250821-1303_7_18 4 400 37.7303 23.59 0 37.7783 0.025955 0.0327924 -3503.75 92.8627
250821-1303_7_19 4 400 37.7514 23.9924 0.00685218 37.7857 0.0142638 0.491832 -3508.87 92.9467
250821-1303_7_2 4 400 37.7417 23.9136 0.00377964 37.7786 0.0274517 0.124612 -3489.65 92.4613
250821-1303_7_3 4 400 37.7288 23.7779 0.0048795 37.7703 0.0161879 0.289545 -3503.92 92.8712
250821-1303_7_4 4 400 37.7039 23.5864 0.00377964 37.752 0.0269935 0.13614 -3502.02 92.882
250821-1303_7_5 4 400 37.7677 23.9069 0.00414039 37.8048 0.0186705 0.144103 -3517.08 93.1239
250821-1303_7_6 4 400 37.7837 23.77 3.83737e-15 37.8255 0.0168313 0.99302 -3532.54 93.4935
250821-1303_7_7 4 400 37.7225 23.3386 0.00475595 37.779 0.0164532 0.611898 -3507.06 92.9698
250821-1303_7_8 4 400 37.7725 23.7426 0.00377964 37.8153 0.0227263 0.174922 -3508.65 92.8891
250821-1303_7_9 4 400 37.7316 23.7014 0.00475595 37.7758 0.0243925 0.0684484 -3500.2 92.7655
250821-1303_8_0 4 400 37.7498 23.3164 0.00626783 37.8071 0.0164526 0.173341 -3487.96 92.3966
250821-1303_8_10 4 400 37.755 23.59 0 37.8029 0.0194939 0.332926 -3494.41 92.555
250821-1303_8_11 4 400 37.7359 23.5907 0.00188982 37.7838 0.0263338 0.0507669 -3498.43 92.7081
250821-1303_8_12 4 400 37.7895 24.0164 0.00626783 37.823 0.0109759 0.237813 -3507.79 92.8244
250821-1303_8_1 4 400 37.7795 23.7504 0.00812111 37.822 0.0232727 0.299407 -3504.87 92.7713
250821-1303_8_13 4 400 37.6741 23.55 0.00866025 37.7234 0.0257153 0.110388 -3507.99 93.1135
250821-1303_8_14 4 400 37.6424 23.5443 0.00345033 37.6919 0.0232176 0.0909374 -3478.22 92.4017
250821-1303_8_15 4 400 37.6428 23.445 0.0057735 37.6957 0.0205174 0.199143 -3486.52 92.621
250821-1303_8_16 4 400 37.6989 23.8471 0.00636209 37.7381 0.0297941 0.0977886 -3505.49 92.986
250821-1303_8_17 4 400 37.736 23.5107 0.00672593 37.7867 0.0221367 0.131636 -3507.46 92.9468
250821-1303_8_18 4 400 37.7465 23.632 0.00382971 37.793 0.0211783 0.208125 -3504.41 92.8406
250821-1303_8_19 4 400 37.7625 24.0121 0.00809174 37.7961 0.0216215 0.247949 -3500.21 92.6904
250821-1303_8_2 4 400 37.7491 23.8443 0.00534522 37.7884 0.0269912 0.100654 -3512.38 93.0451
250821-1303_8_3 4 400 37.7499 23.7907 0.00534522 37.791 0.0291398 0.0635926 -3509.17 92.958
250821-1303_8_4 4 400 37.7175 23.5663 0.00482059 37.7662 0.00908234 1.51694 -3511.95 93.1119
250821-1303_8_5 4 400 37.7554 23.9107 0.00188982 37.7924 0.0214467 0.121344 -3519.23 93.2113
250821-1303_8_6 4 400 37.7506 23.6786 0.00748013 37.7955 0.0313422 0.0700003 -3499.2 92.6922
250821-1303_8_7 4 400 37.7198 23.3536 0.00556349 37.7758 0.0243324 0.251713 -3494.17 92.6344
250821-1303_8_8 4 400 37.7498 23.3393 0.00188982 37.8063 0.0222749 0.0741606 -3501.58 92.7577
250821-1303_8_9 4 400 37.7285 23.7183 0.00518698 37.7721 0.0305938 0.165445 -3485.28 92.3772
250821-1303_9_0 4 400 37.7393 23.3357 0.00449868 37.7959 0.0142993 0.307274 -3507.08 92.9289
250821-1303_9_10 4 400 37.7449 23.5964 0.00556349 37.7926 0.02385 0.152794 -3484.39 92.3139
250821-1303_9_11 4 400 37.7218 23.639 0.00695222 37.7681 0.0289456 0.128609 -3493.09 92.601
250821-1303_9_12 4 400 37.7305 24.0271 0.0048795 37.7636 0.019759 0.270542 -3513.35 93.1166
250821-1303_9_1 4 400 37.7382 23.5593 0.00188982 37.7872 0.0330184 0.0719485 -3516.45 93.1794
250821-1303_9_13 4 400 37.6691 23.6529 0.00698638 37.7149 0.0183848 0.161189 -3496.54 92.8221
250821-1303_9_14 4 400 37.6753 23.5571 0.00267261 37.7243 0.0230091 0.0950711 -3506.3 93.0659
250821-1303_9_15 4 400 37.698 23.4693 0.00607493 37.7501 0.0261364 0.157394 -3506.59 93.0181
250821-1303_9_16 4 400 37.7561 23.8707 0.00786796 37.7945 0.0156723 0.209594 -3529.5 93.4815
250821-1303_9_17 4 400 37.7469 23.6657 0.00607493 37.7923 0.00938913 0.971348 -3533.07 93.5988
250821-1303_9_18 4 400 37.7371 23.6463 0.00531395 37.7832 0.0241039 0.128462 -3502.92 92.824
250821-1303_9_19 4 400 37.7377 23.9621 0.00636209 37.773 0.0151761 0.183813 -3504.3 92.8593
250821-1303_9_2 4 400 37.7458 23.8593 0.00731925 37.7846 0.030756 0.0604106 -3509.01 92.9639
250821-1303_9_3 4 400 37.7617 23.7506 0.00373529 37.8042 0.0227013 0.38392 -3508.08 92.9006
250821-1303_9_4 4 400 37.7691 23.5729 0.00393398 37.8176 0.0225855 0.0765468 -3529.12 93.4395
250821-1303_9_5 4 400 37.7488 23.9684 0.00734523 37.7839 0.0173614 0.428985 -3498.26 92.6718
250821-1303_9_6 4 400 37.7775 23.6964 0.00377964 37.8218 0.0239041 0.0860925 -3510.02 92.9124
250821-1303_9_7 4 400 37.7082 23.36 0.00645497 37.764 0.0204929 0.41365 -3476.05 92.1827
250821-1303_9_8 4 400 37.718 23.345 0.005 37.7742 0.0225737 0.217591 -3489.91 92.5263
250821-1303_9_9 4 400 37.7274 23.775 0.0057735 37.7691 0.0224505 0.0538605 -3485.79 92.394
