250821-1302 250821-1302_0_0 1759879447 50 1.000 0.000 5.000 0.000 7.000 0.000 5.000 0.100 0.000 0.000 0.000 0.000 0.000 0.000 0.000 0.000 
250821-1302 250821-1302_0_0 23.004 0.020 38.2859 38.3537 1.5 14.6 23.02 110.68 
250821-1302 250821-1302_0_1 23.023 0.008 38.2857 38.3513 0.2 11.3 23.13 110.58 
250821-1302 250821-1302_0_2 22.914 0.007 38.2844 38.3549 2.1 18.6 22.99 108.84 
250821-1302 250821-1302_0_3 23.199 0.026 38.2822 38.3435 0.1 14.8 23.19 109.17 
250821-1302 250821-1302_0_4 23.184 0.037 38.2904 38.3475 1.3 12.4 23.37 109.28 
250821-1302 250821-1302_0_5 23.000 0.026 38.3079 38.3733 0.0 18.2 23.14 109.39 
250821-1302 250821-1302_0_6 23.121 0.006 38.3187 38.3823 0.9 14.2 23.15 110.53 
250821-1302 250821-1302_0_7 22.938 0.033 38.2661 38.3362 0.2 12.5 22.98 111.71 
250821-1302 250821-1302_0_8 22.961 0.039 38.2990 38.3655 0.5 12.1 23.15 110.52 
250821-1302 250821-1302_0_9 23.285 0.009 38.3021 38.3599 0.8 13.7 23.32 109.55 
250821-1302 250821-1302_0_10 23.812 0.008 38.3246 38.3650 0.3 13.7 23.81 108.96 
250821-1302 250821-1302_0_11 23.816 0.028 38.3288 38.3635 0.8 14.4 23.98 109.16 
250821-1302 250821-1302_0_12 23.512 0.039 38.2672 38.3124 0.2 12.7 23.70 108.91 
250821-1302 250821-1302_0_13 23.680 0.010 38.2907 38.3363 0.8 15.8 23.70 109.29 
250821-1302 250821-1302_0_14 23.008 0.003 38.2887 38.3564 0.3 13.4 23.06 108.08 
250821-1302 250821-1302_0_15 23.035 0.024 38.2188 38.2833 0.7 12.2 23.23 106.04 
250821-1302 250821-1302_0_16 23.273 0.027 38.3064 38.3610 0.3 8.7 23.48 105.97 
250821-1302 250821-1302_0_17 23.547 0.014 38.2773 38.3267 0.3 7.8 23.58 106.74 
250821-1302 250821-1302_0_18 23.562 0.026 38.3225 38.3692 0.7 8.5 23.69 108.47 
250821-1302 250821-1302_0_19 23.402 0.030 38.2906 38.3399 0.3 8.7 23.62 108.97 
250821-1302 250821-1302_1_0 23.004 0.022 38.2840 38.3519 0.5 14.6 23.02 110.80 
250821-1302 250821-1302_1_1 23.016 0.025 38.2957 38.3605 0.4 13.7 23.19 110.51 
250821-1302 250821-1302_1_2 22.918 0.006 38.2920 38.3625 1.2 17.4 23.00 108.35 
250821-1302 250821-1302_1_3 23.195 0.018 38.2879 38.3493 0.5 13.7 23.20 109.08 
250821-1302 250821-1302_1_4 23.188 0.039 38.2929 38.3500 2.0 15.6 23.37 109.41 
250821-1302 250821-1302_1_5 22.984 0.043 38.2968 38.3599 -0.0 14.7 23.22 109.16 
250821-1302 250821-1302_1_6 23.121 0.003 38.2884 38.3521 1.0 14.7 23.16 112.11 
250821-1302 250821-1302_1_7 22.965 0.016 38.3140 38.3831 0.2 11.9 23.00 110.27 
250821-1302 250821-1302_1_8 22.969 0.033 38.3060 38.3724 0.8 12.2 23.15 110.11 
250821-1302 250821-1302_1_9 23.273 0.031 38.3083 38.3628 0.3 13.3 23.46 109.65 
250821-1302 250821-1302_1_10 23.812 0.008 38.3228 38.3632 0.3 11.8 23.81 108.99 
250821-1302 250821-1302_1_11 23.820 0.012 38.3095 38.3445 0.8 14.6 23.95 109.00 
250821-1302 250821-1302_1_12 23.516 0.037 38.2755 38.3207 0.2 14.3 23.70 109.07 
250821-1302 250821-1302_1_13 23.672 0.007 38.2761 38.3208 0.8 14.5 23.73 109.05 
250821-1302 250821-1302_1_14 23.016 0.004 38.2868 38.3542 0.3 13.5 23.06 107.64 
250821-1302 250821-1302_1_15 23.047 0.000 38.2426 38.3077 0.7 12.9 23.20 106.23 
250821-1302 250821-1302_1_16 23.273 0.027 38.3066 38.3612 0.3 7.5 23.49 106.03 
250821-1302 250821-1302_1_17 23.523 0.043 38.2599 38.3071 0.6 11.6 23.66 109.54 
250821-1302 250821-1302_1_18 23.562 0.030 38.3365 38.3832 0.7 9.1 23.69 108.51 
250821-1302 250821-1302_1_19 23.418 0.012 38.2849 38.3364 0.3 9.4 23.54 108.99 
250821-1302 250821-1302_2_0 23.012 0.003 38.2843 38.3519 0.4 10.9 23.03 110.95 
250821-1302 250821-1302_2_1 23.016 0.027 38.2805 38.3451 1.2 16.2 23.20 110.32 
250821-1302 250821-1302_2_2 22.906 0.018 38.3028 38.3708 0.1 13.9 23.12 106.80 
250821-1302 250821-1302_2_3 23.203 0.012 38.3219 38.3830 0.1 13.6 23.20 108.94 
250821-1302 250821-1302_2_4 23.195 0.020 38.3260 38.3838 1.5 14.0 23.33 109.72 
250821-1302 250821-1302_2_5 22.984 0.045 38.3064 38.3694 0.1 11.9 23.22 109.61 
250821-1302 250821-1302_2_6 23.117 0.024 38.2713 38.3337 1.1 13.8 23.19 110.53 
250821-1302 250821-1302_2_7 22.965 0.018 38.3182 38.3874 0.3 13.5 22.99 110.84 
250821-1302 250821-1302_2_8 22.988 0.018 38.3056 38.3726 0.9 11.5 23.11 109.71 
250821-1302 250821-1302_2_9 23.273 0.027 38.3257 38.3802 0.2 14.3 23.46 109.92 
250821-1302 250821-1302_2_10 23.828 0.008 38.3417 38.3810 0.6 14.0 23.87 108.44 
250821-1302 250821-1302_2_11 23.816 0.014 38.2816 38.3163 0.8 16.0 23.95 109.15 
250821-1302 250821-1302_2_12 23.527 0.018 38.2762 38.3238 0.3 12.9 23.62 109.60 
250821-1302 250821-1302_2_13 23.672 0.008 38.2949 38.3395 0.8 14.3 23.73 108.86 
250821-1302 250821-1302_2_14 23.008 0.016 38.2944 38.3621 0.2 13.4 23.05 107.37 
250821-1302 250821-1302_2_15 23.047 0.006 38.2678 38.3326 0.8 14.7 23.20 106.73 
250821-1302 250821-1302_2_16 23.281 0.012 38.3041 38.3611 0.3 8.3 23.41 107.24 
250821-1302 250821-1302_2_17 23.523 0.043 38.2893 38.3366 0.7 8.2 23.65 109.33 
250821-1302 250821-1302_2_18 23.387 0.022 38.3286 38.3835 0.5 7.5 23.41 108.45 
250821-1302 250821-1302_2_19 23.418 0.010 38.3188 38.3704 0.2 9.6 23.55 110.21 
250821-1302 250821-1302_3_0 23.004 0.006 38.3021 38.3700 0.2 13.3 23.03 105.36 
250821-1302 250821-1302_3_1 23.023 0.008 38.3068 38.3721 1.1 15.7 23.16 110.19 
250821-1302 250821-1302_3_2 22.910 0.014 38.2914 38.3590 -0.0 15.1 23.12 107.47 
250821-1302 250821-1302_3_3 23.195 0.027 38.3051 38.3646 0.5 13.2 23.27 108.75 
250821-1302 250821-1302_3_4 23.199 0.020 38.3066 38.3643 1.9 13.8 23.34 108.77 
250821-1302 250821-1302_3_5 23.004 0.024 38.3158 38.3811 0.1 13.5 23.15 109.69 
250821-1302 250821-1302_3_6 23.117 0.024 38.2627 38.3251 1.0 15.3 23.19 110.39 
250821-1302 250821-1302_3_7 22.945 0.034 38.3049 38.3747 0.3 14.7 22.98 111.45 
250821-1302 250821-1302_3_8 22.988 0.018 38.3085 38.3755 0.9 11.4 23.12 109.56 
250821-1302 250821-1302_3_9 23.281 0.012 38.3331 38.3898 0.0 11.9 23.38 110.19 
250821-1302 250821-1302_3_10 23.828 0.010 38.3334 38.3726 0.8 15.3 23.87 108.26 
250821-1302 250821-1302_3_11 23.516 0.037 38.2563 38.3067 0.6 14.4 23.51 110.22 
250821-1302 250821-1302_3_12 23.523 0.020 38.3103 38.3576 0.2 14.1 23.62 109.37 
250821-1302 250821-1302_3_13 23.676 0.003 38.2980 38.3431 0.8 16.8 23.71 108.44 
250821-1302 250821-1302_3_14 23.008 0.016 38.2882 38.3559 0.2 14.0 23.05 107.08 
250821-1302 250821-1302_3_15 23.039 0.022 38.2760 38.3399 0.8 14.3 23.23 105.23 
250821-1302 250821-1302_3_16 23.289 0.007 38.2841 38.3410 0.3 9.3 23.41 106.85 
250821-1302 250821-1302_3_17 23.555 0.014 38.3106 38.3588 0.7 9.0 23.62 109.09 
250821-1302 250821-1302_3_18 23.391 0.018 38.3406 38.3953 0.3 8.4 23.41 107.38 
250821-1302 250821-1302_3_19 23.406 0.027 38.3221 38.3723 0.6 8.3 23.60 109.09 
250821-1302 250821-1302_4_0 23.008 0.020 38.2955 38.3632 0.3 15.9 23.02 106.38 
250821-1302 250821-1302_4_1 23.027 0.007 38.3015 38.3667 1.1 15.3 23.16 111.03 
250821-1302 250821-1302_4_2 22.926 0.007 38.2954 38.3645 -0.1 15.1 23.05 107.92 
250821-1302 250821-1302_4_3 23.199 0.030 38.3122 38.3715 0.9 13.3 23.27 108.84 
250821-1302 250821-1302_4_4 22.961 0.035 38.2837 38.3530 1.2 14.9 22.99 108.63 
250821-1302 250821-1302_4_5 23.004 0.024 38.3056 38.3705 0.1 16.2 23.15 110.74 
250821-1302 250821-1302_4_6 23.121 0.010 38.2686 38.3318 1.2 13.6 23.16 109.67 
250821-1302 250821-1302_4_7 22.949 0.030 38.3115 38.3813 0.2 13.0 22.98 109.12 
250821-1302 250821-1302_4_8 22.973 0.033 38.3011 38.3670 0.9 14.1 23.16 109.17 
250821-1302 250821-1302_4_9 23.281 0.012 38.3283 38.3850 0.2 14.1 23.38 111.05 
250821-1302 250821-1302_4_10 23.820 0.007 38.3241 38.3638 0.8 14.3 23.84 109.44 
250821-1302 250821-1302_4_11 23.515 0.040 38.2414 38.2919 0.3 12.5 23.50 109.54 
250821-1302 250821-1302_4_12 23.508 0.041 38.2892 38.3366 0.6 14.6 23.66 109.12 
250821-1302 250821-1302_4_13 23.684 0.006 38.2800 38.3250 0.8 11.7 23.71 107.92 
250821-1302 250821-1302_4_14 23.023 0.008 38.2662 38.3334 0.3 14.2 23.07 107.05 
250821-1302 250821-1302_4_15 23.039 0.022 38.2927 38.3563 0.8 14.3 23.23 105.17 
250821-1302 250821-1302_4_16 23.277 0.030 38.2533 38.3072 0.3 7.8 23.49 109.33 
250821-1302 250821-1302_4_17 23.555 0.015 38.3211 38.3692 1.0 11.3 23.62 109.02 
250821-1302 250821-1302_4_18 23.402 0.003 38.3289 38.3832 0.3 8.2 23.43 106.00 
250821-1302 250821-1302_4_19 23.402 0.034 38.3322 38.3822 0.7 10.1 23.60 109.28 
250821-1302 250821-1302_5_0 23.008 0.018 38.2964 38.3641 0.1 12.7 23.03 107.21 
250821-1302 250821-1302_5_1 23.016 0.027 38.2946 38.3589 1.1 16.2 23.20 110.14 
250821-1302 250821-1302_5_2 22.930 0.004 38.2846 38.3540 0.0 12.2 23.05 108.25 
250821-1302 250821-1302_5_3 23.203 0.014 38.3146 38.3747 1.0 13.3 23.23 108.44 
250821-1302 250821-1302_5_4 22.969 0.033 38.2881 38.3571 0.6 12.5 23.00 108.99 
250821-1302 250821-1302_5_5 22.984 0.045 38.2980 38.3635 0.4 11.7 23.17 110.62 
250821-1302 250821-1302_5_6 23.125 0.007 38.3083 38.3716 1.0 14.3 23.16 109.99 
250821-1302 250821-1302_5_7 22.969 0.011 38.3108 38.3798 0.2 10.7 23.00 109.17 
250821-1302 250821-1302_5_8 22.973 0.033 38.3165 38.3822 1.0 11.7 23.16 109.14 
250821-1302 250821-1302_5_9 23.273 0.027 38.3057 38.3599 0.2 11.2 23.46 110.82 
250821-1302 250821-1302_5_10 23.820 0.007 38.3134 38.3531 0.9 13.7 23.84 109.07 
250821-1302 250821-1302_5_11 23.531 0.020 38.2578 38.3078 0.3 12.0 23.52 109.15 
250821-1302 250821-1302_5_12 23.508 0.039 38.3346 38.3819 0.8 13.7 23.66 107.93 
250821-1302 250821-1302_5_13 23.672 0.011 38.2682 38.3105 0.4 13.6 23.83 107.88 
250821-1302 250821-1302_5_14 23.020 0.003 38.2534 38.3207 0.3 11.4 23.07 107.08 
250821-1302 250821-1302_5_15 23.055 0.003 38.3071 38.3714 0.7 13.8 23.21 105.29 
250821-1302 250821-1302_5_16 23.281 0.026 38.2745 38.3285 0.2 9.3 23.50 109.75 
250821-1302 250821-1302_5_17 23.523 0.049 38.3206 38.3675 0.7 9.3 23.66 109.01 
250821-1302 250821-1302_5_18 23.398 0.007 38.3022 38.3567 0.2 7.6 23.43 105.72 
250821-1302 250821-1302_5_19 23.422 0.010 38.3404 38.3910 0.7 9.9 23.57 110.09 
250821-1302 250821-1302_6_0 23.016 0.000 38.2915 38.3589 0.4 12.6 23.04 107.80 
250821-1302 250821-1302_6_1 23.020 0.025 38.2798 38.3439 1.5 14.9 23.20 109.98 
250821-1302 250821-1302_6_2 22.914 0.019 38.3034 38.3706 -0.1 16.3 23.13 110.73 
250821-1302 250821-1302_6_3 23.199 0.018 38.3294 38.3894 1.0 15.6 23.24 108.51 
250821-1302 250821-1302_6_4 22.992 0.018 38.3036 38.3719 0.4 14.0 23.02 109.30 
250821-1302 250821-1302_6_5 22.984 0.043 38.3057 38.3709 1.2 14.7 23.18 110.46 
250821-1302 250821-1302_6_6 23.113 0.028 38.3045 38.3645 0.2 16.2 23.29 109.51 
250821-1302 250821-1302_6_7 22.973 0.012 38.3024 38.3713 0.2 11.2 23.00 109.21 
250821-1302 250821-1302_6_8 22.992 0.018 38.2601 38.3265 0.9 15.5 23.12 109.36 
250821-1302 250821-1302_6_9 23.273 0.030 38.2952 38.3491 0.2 12.1 23.47 110.61 
250821-1302 250821-1302_6_10 23.828 0.014 38.2917 38.3306 0.8 14.4 23.87 108.68 
250821-1302 250821-1302_6_11 23.527 0.020 38.2786 38.3286 0.2 13.3 23.52 109.01 
250821-1302 250821-1302_6_12 23.523 0.020 38.3253 38.3733 0.8 12.5 23.63 108.14 
250821-1302 250821-1302_6_13 23.680 0.010 38.2888 38.3309 0.3 15.8 23.83 108.59 
250821-1302 250821-1302_6_14 23.012 0.014 38.2314 38.2980 0.6 13.4 23.11 108.01 
250821-1302 250821-1302_6_15 23.055 0.004 38.3125 38.3767 0.8 14.8 23.21 105.68 
250821-1302 250821-1302_6_16 23.293 0.007 38.3386 38.3951 0.2 8.6 23.41 106.45 
250821-1302 250821-1302_6_17 23.531 0.047 38.3290 38.3757 0.7 10.8 23.66 108.07 
250821-1302 250821-1302_6_18 23.391 0.020 38.2696 38.3244 0.2 6.5 23.41 105.93 
250821-1302 250821-1302_6_19 23.418 0.014 38.3199 38.3705 0.7 7.6 23.57 108.56 
250821-1302 250821-1302_7_0 23.016 0.000 38.2692 38.3367 0.1 11.6 23.04 108.27 
250821-1302 250821-1302_7_1 23.027 0.009 38.3012 38.3660 1.3 16.2 23.16 110.13 
250821-1302 250821-1302_7_2 22.914 0.019 38.2831 38.3502 0.1 15.7 23.13 110.76 
250821-1302 250821-1302_7_3 23.195 0.031 38.3010 38.3602 1.3 14.3 23.27 108.35 
250821-1302 250821-1302_7_4 22.992 0.015 38.3012 38.3695 0.1 12.5 23.02 109.26 
250821-1302 250821-1302_7_5 23.008 0.024 38.3098 38.3760 1.1 13.3 23.13 110.46 
250821-1302 250821-1302_7_6 23.117 0.027 38.2920 38.3519 0.2 15.8 23.29 109.25 
250821-1302 250821-1302_7_7 22.949 0.034 38.2835 38.3509 0.6 11.2 23.05 109.07 
250821-1302 250821-1302_7_8 22.992 0.015 38.3018 38.3682 1.0 15.2 23.12 109.53 
250821-1302 250821-1302_7_9 23.285 0.010 38.3001 38.3567 0.2 13.4 23.38 110.74 
250821-1302 250821-1302_7_10 23.828 0.016 38.2942 38.3330 0.9 13.3 23.87 108.57 
250821-1302 250821-1302_7_11 23.523 0.034 38.2972 38.3474 0.2 13.4 23.51 109.04 
250821-1302 250821-1302_7_12 23.527 0.018 38.3184 38.3664 0.8 12.7 23.62 108.40 
250821-1302 250821-1302_7_13 23.684 0.004 38.3161 38.3604 0.3 14.2 23.76 108.36 
250821-1302 250821-1302_7_14 23.016 0.014 38.2371 38.3036 0.7 12.4 23.12 107.80 
250821-1302 250821-1302_7_15 23.250 0.024 38.3122 38.3717 0.5 14.1 23.30 105.95 
250821-1302 250821-1302_7_16 23.293 0.007 38.3347 38.3911 0.2 8.7 23.41 107.31 
250821-1302 250821-1302_7_17 23.555 0.020 38.3388 38.3866 0.7 7.8 23.62 107.00 
250821-1302 250821-1302_7_18 23.391 0.020 38.2539 38.3086 0.2 8.7 23.41 109.32 
250821-1302 250821-1302_7_19 23.406 0.032 38.2784 38.3282 0.7 11.1 23.61 108.37 
250821-1302 250821-1302_8_0 23.012 0.016 38.2463 38.3129 0.5 14.3 23.09 108.67 
250821-1302 250821-1302_8_1 23.027 0.010 38.2915 38.3560 1.5 15.6 23.17 110.24 
250821-1302 250821-1302_8_2 22.934 0.005 38.3071 38.3759 0.2 13.2 23.06 110.49 
250821-1302 250821-1302_8_3 23.195 0.034 38.3219 38.3810 1.4 17.7 23.27 111.58 
250821-1302 250821-1302_8_4 22.969 0.035 38.2718 38.3408 0.3 13.7 23.00 111.73 
250821-1302 250821-1302_8_5 23.004 0.026 38.3190 38.3850 1.0 13.0 23.14 110.64 
250821-1302 250821-1302_8_6 23.117 0.012 38.3144 38.3768 -0.1 14.5 23.22 110.19 
250821-1302 250821-1302_8_7 22.953 0.031 38.2849 38.3523 0.8 13.2 23.05 109.90 
250821-1302 250821-1302_8_8 23.270 0.025 38.2845 38.3433 0.5 13.1 23.27 109.82 
250821-1302 250821-1302_8_9 23.285 0.010 38.2859 38.3424 0.3 13.4 23.38 110.83 
250821-1302 250821-1302_8_10 23.824 0.009 38.2867 38.3261 0.8 12.6 23.84 108.41 
250821-1302 250821-1302_8_11 23.523 0.034 38.3105 38.3607 0.2 13.4 23.51 109.00 
250821-1302 250821-1302_8_12 23.508 0.039 38.3011 38.3480 0.8 11.8 23.66 108.12 
250821-1302 250821-1302_8_13 23.688 0.004 38.3403 38.3845 0.3 13.5 23.76 108.30 
250821-1302 250821-1302_8_14 23.027 0.006 38.2415 38.3090 0.7 12.0 23.09 107.62 
250821-1302 250821-1302_8_15 23.250 0.022 38.2369 38.2964 0.3 10.4 23.30 108.63 
250821-1302 250821-1302_8_16 23.281 0.027 38.3150 38.3705 0.6 7.1 23.48 108.30 
250821-1302 250821-1302_8_17 23.555 0.022 38.3436 38.3913 0.8 7.4 23.63 106.32 
250821-1302 250821-1302_8_18 23.406 0.004 38.2847 38.3389 0.3 8.5 23.43 110.73 
250821-1302 250821-1302_8_19 23.406 0.032 38.2830 38.3325 0.8 8.6 23.61 108.54 
250821-1302 250821-1302_9_0 23.012 0.020 38.2715 38.3378 0.8 14.7 23.08 108.70 
250821-1302 250821-1302_9_1 22.871 0.009 38.2809 38.3533 2.5 15.2 22.94 110.46 
250821-1302 250821-1302_9_2 22.934 0.006 38.3059 38.3747 0.2 13.8 23.07 111.20 
250821-1302 250821-1302_9_3 23.199 0.016 38.3148 38.3750 1.6 15.7 23.23 110.21 
250821-1302 250821-1302_9_4 22.973 0.035 38.2953 38.3642 0.0 13.5 23.00 110.92 
250821-1302 250821-1302_9_5 22.992 0.043 38.3059 38.3707 1.1 16.4 23.19 109.08 
250821-1302 250821-1302_9_6 23.121 0.012 38.3198 38.3821 0.1 17.7 23.21 110.31 
250821-1302 250821-1302_9_7 22.977 0.014 38.2903 38.3582 0.8 15.1 23.05 109.42 
250821-1302 250821-1302_9_8 23.273 0.022 38.2844 38.3431 0.3 16.2 23.27 109.83 
250821-1302 250821-1302_9_9 23.270 0.029 38.2574 38.3130 0.6 13.9 23.45 110.77 
250821-1302 250821-1302_9_10 23.820 0.012 38.2823 38.3216 0.8 13.4 23.84 108.18 
250821-1302 250821-1302_9_11 23.531 0.016 38.3149 38.3649 0.2 13.6 23.52 109.82 
250821-1302 250821-1302_9_12 23.508 0.039 38.3013 38.3483 0.8 11.7 23.67 108.36 
250821-1302 250821-1302_9_13 23.676 0.012 38.3234 38.3651 0.3 18.2 23.83 108.36 
250821-1302 250821-1302_9_14 23.023 0.004 38.2527 38.3201 0.7 13.6 23.09 107.61 
250821-1302 250821-1302_9_15 23.266 0.003 38.2507 38.3097 0.3 10.3 23.30 107.97 
250821-1302 250821-1302_9_16 23.285 0.026 38.3097 38.3649 0.7 7.4 23.48 109.26 
250821-1302 250821-1302_9_17 23.527 0.051 38.3540 38.3978 0.3 11.0 23.77 106.09 
250821-1302 250821-1302_9_18 23.406 0.004 38.2802 38.3344 0.2 9.9 23.43 109.72 
250821-1302 250821-1302_9_19 23.430 0.008 38.2554 38.3056 0.8 8.3 23.58 107.65 
250821-1302 250821-1302_10_0 23.016 0.004 38.2787 38.3460 0.9 12.4 23.06 108.49 
250821-1302 250821-1302_10_1 22.871 0.009 38.2899 38.3623 0.8 13.8 22.94 110.47 
250821-1302 250821-1302_10_2 22.918 0.022 38.2846 38.3526 0.5 14.9 23.12 111.45 
250821-1302 250821-1302_10_3 23.199 0.018 38.3071 38.3671 1.1 18.6 23.23 109.71 
250821-1302 250821-1302_10_4 22.992 0.018 38.3215 38.3898 0.4 13.0 23.02 110.35 
250821-1302 250821-1302_10_5 22.992 0.043 38.3118 38.3766 1.8 13.6 23.19 108.95 
250821-1302 250821-1302_10_6 23.113 0.030 38.3161 38.3759 0.0 14.3 23.29 109.62 
250821-1302 250821-1302_10_7 22.977 0.011 38.2959 38.3639 0.9 10.8 23.04 108.73 
250821-1302 250821-1302_10_8 23.277 0.009 38.3150 38.3736 0.2 14.7 23.29 108.08 
250821-1302 250821-1302_10_9 23.273 0.030 38.2420 38.2975 0.7 12.3 23.45 111.19 
250821-1302 250821-1302_10_10 23.828 0.020 38.2834 38.3190 0.4 16.4 23.98 108.35 
250821-1302 250821-1302_10_11 23.531 0.016 38.3294 38.3793 0.2 12.3 23.52 109.43 
250821-1302 250821-1302_10_12 23.520 0.021 38.3030 38.3506 0.8 12.1 23.63 108.34 
250821-1302 250821-1302_10_13 23.676 0.014 38.3391 38.3808 0.3 13.4 23.83 109.05 
250821-1302 250821-1302_10_14 23.016 0.020 38.2535 38.3196 0.8 12.8 23.12 107.51 
250821-1302 250821-1302_10_15 23.266 0.003 38.2599 38.3189 0.3 6.6 23.31 106.99 
250821-1302 250821-1302_10_16 23.301 0.006 38.2962 38.3525 0.7 7.1 23.44 109.43 
250821-1302 250821-1302_10_17 23.531 0.051 38.3517 38.3957 0.3 8.4 23.77 108.40 
250821-1302 250821-1302_10_18 23.398 0.018 38.2733 38.3266 0.5 8.8 23.48 105.73 
250821-1302 250821-1302_10_19 23.422 0.011 38.3022 38.3523 0.7 7.8 23.59 106.68 
250821-1302 250821-1302_11_0 23.020 0.004 38.3028 38.3702 1.0 12.5 23.06 110.43 
250821-1302 250821-1302_11_1 22.887 0.004 38.2950 38.3669 0.8 15.0 22.95 110.12 
250821-1302 250821-1302_11_2 22.922 0.019 38.2897 38.3575 1.8 17.2 23.12 110.56 
250821-1302 250821-1302_11_3 23.195 0.031 38.3175 38.3738 0.3 17.0 23.38 109.99 
250821-1302 250821-1302_11_4 22.996 0.016 38.3222 38.3903 0.1 14.0 23.02 107.99 
250821-1302 250821-1302_11_5 23.012 0.025 38.3029 38.3684 1.4 14.8 23.16 110.45 
250821-1302 250821-1302_11_6 23.113 0.028 38.3186 38.3783 0.1 17.4 23.30 109.42 
250821-1302 250821-1302_11_7 22.957 0.033 38.2963 38.3635 0.9 12.5 23.07 108.29 
250821-1302 250821-1302_11_8 23.277 0.010 38.3266 38.3852 0.2 15.3 23.29 107.65 
250821-1302 250821-1302_11_9 23.281 0.012 38.2502 38.3064 0.8 12.2 23.41 109.62 
250821-1302 250821-1302_11_10 23.820 0.022 38.2933 38.3289 0.3 13.9 23.98 107.86 
250821-1302 250821-1302_11_11 23.520 0.033 38.2967 38.3448 0.6 15.0 23.59 108.65 
250821-1302 250821-1302_11_12 23.523 0.020 38.3045 38.3521 0.8 15.3 23.63 108.42 
250821-1302 250821-1302_11_13 23.688 0.003 38.3296 38.3736 0.3 12.4 23.76 108.78 
250821-1302 250821-1302_11_14 23.016 0.020 38.2744 38.3405 0.8 14.1 23.12 107.74 
250821-1302 250821-1302_11_15 23.258 0.024 38.2597 38.3190 0.2 7.1 23.30 106.96 
250821-1302 250821-1302_11_16 23.301 0.006 38.2736 38.3297 0.7 7.0 23.44 109.45 
250821-1302 250821-1302_11_17 23.559 0.026 38.3393 38.3858 0.1 9.4 23.69 108.55 
250821-1302 250821-1302_11_18 23.395 0.025 38.3293 38.3821 0.7 9.6 23.48 106.74 
250821-1302 250821-1302_11_19 23.211 0.026 38.2875 38.3483 0.4 9.6 23.24 106.89 
250821-1302 250821-1302_12_0 23.012 0.022 38.3048 38.3709 1.1 14.0 23.09 109.54 
250821-1302 250821-1302_12_1 22.895 0.003 38.3000 38.3716 0.2 13.0 22.95 110.00 
250821-1302 250821-1302_12_2 22.938 0.008 38.2938 38.3621 1.2 15.6 23.09 110.57 
250821-1302 250821-1302_12_3 23.188 0.035 38.3018 38.3584 0.1 14.8 23.38 110.52 
250821-1302 250821-1302_12_4 22.977 0.035 38.3026 38.3690 0.5 13.4 23.09 108.41 
250821-1302 250821-1302_12_5 23.012 0.025 38.3205 38.3862 1.9 16.4 23.15 111.91 
250821-1302 250821-1302_12_6 23.121 0.010 38.2867 38.3489 0.1 16.2 23.22 109.98 
250821-1302 250821-1302_12_7 22.957 0.033 38.3066 38.3738 0.9 12.0 23.07 108.10 
250821-1302 250821-1302_12_8 23.277 0.020 38.3222 38.3808 0.2 15.4 23.28 108.27 
250821-1302 250821-1302_12_9 23.285 0.010 38.2618 38.3179 0.8 17.9 23.41 109.54 
250821-1302 250821-1302_12_10 23.824 0.014 38.3021 38.3397 0.1 13.2 23.91 107.55 
250821-1302 250821-1302_12_11 23.520 0.033 38.3063 38.3543 0.7 11.2 23.59 108.88 
250821-1302 250821-1302_12_12 23.645 0.005 38.3100 38.3561 0.6 15.9 23.68 109.37 
250821-1302 250821-1302_12_13 23.691 0.004 38.3211 38.3648 0.2 13.0 23.77 108.63 
250821-1302 250821-1302_12_14 23.031 0.004 38.2952 38.3624 0.8 13.5 23.09 108.08 
250821-1302 250821-1302_12_15 23.266 0.018 38.2627 38.3216 0.2 9.6 23.30 106.94 
250821-1302 250821-1302_12_16 23.285 0.030 38.2468 38.3017 0.7 31.0 23.48 108.92 
250821-1302 250821-1302_12_17 23.555 0.025 38.3189 38.3652 0.2 10.7 23.69 109.00 
250821-1302 250821-1302_12_18 23.414 0.000 38.3426 38.3966 0.7 7.7 23.46 106.84 
250821-1302 250821-1302_12_19 23.215 0.022 38.3043 38.3650 0.2 9.3 23.23 106.91 
250821-1302 250821-1302_13_0 23.016 0.018 38.3201 38.3864 1.2 11.8 23.09 108.67 
250821-1302 250821-1302_13_1 22.879 0.009 38.2988 38.3709 0.7 15.0 22.95 110.33 
250821-1302 250821-1302_13_2 22.941 0.006 38.2963 38.3645 1.1 15.0 23.09 110.81 
250821-1302 250821-1302_13_3 23.199 0.018 38.3276 38.3863 -0.2 13.8 23.30 110.04 
250821-1302 250821-1302_13_4 22.973 0.037 38.3024 38.3688 0.9 15.6 23.09 108.92 
250821-1302 250821-1302_13_5 23.117 0.022 38.3106 38.3746 0.9 17.6 23.12 108.79 
250821-1302 250821-1302_13_6 23.121 0.010 38.2890 38.3510 0.1 14.3 23.22 109.84 
250821-1302 250821-1302_13_7 22.977 0.015 38.2598 38.3275 0.9 12.2 23.05 109.59 
250821-1302 250821-1302_13_8 23.273 0.024 38.3187 38.3774 0.3 14.6 23.27 109.54 
250821-1302 250821-1302_13_9 23.270 0.033 38.3142 38.3692 0.8 15.0 23.45 109.07 
250821-1302 250821-1302_13_10 23.824 0.014 38.3089 38.3465 0.3 15.7 23.91 107.43 
250821-1302 250821-1302_13_11 23.531 0.016 38.3209 38.3698 0.8 12.6 23.56 109.02 
250821-1302 250821-1302_13_12 23.648 0.000 38.3042 38.3502 0.4 14.2 23.68 109.19 
250821-1302 250821-1302_13_13 23.676 0.018 38.3019 38.3444 0.6 15.4 23.81 108.62 
250821-1302 250821-1302_13_14 23.031 0.000 38.3081 38.3750 0.8 13.5 23.09 107.95 
250821-1302 250821-1302_13_15 23.277 0.003 38.2613 38.3198 0.2 7.0 23.31 107.13 
250821-1302 250821-1302_13_16 23.289 0.027 38.2332 38.2879 0.7 8.1 23.49 109.13 
250821-1302 250821-1302_13_17 23.539 0.047 38.2955 38.3390 0.2 8.2 23.77 109.63 
250821-1302 250821-1302_13_18 23.410 0.006 38.3376 38.3914 0.7 6.9 23.47 107.93 
250821-1302 250821-1302_13_19 23.238 0.007 38.3372 38.3972 0.2 10.8 23.25 107.19 
250821-1302 250821-1302_14_0 23.016 0.006 38.2982 38.3653 1.2 14.0 23.06 107.86 
250821-1302 250821-1302_14_1 22.883 0.011 38.2955 38.3675 -0.0 12.1 22.95 110.31 
250821-1302 250821-1302_14_2 22.930 0.022 38.2992 38.3666 1.3 14.3 23.13 109.90 
250821-1302 250821-1302_14_3 23.199 0.020 38.3258 38.3845 -0.1 12.0 23.30 110.02 
250821-1302 250821-1302_14_4 22.996 0.020 38.3161 38.3829 1.0 14.7 23.08 111.19 
250821-1302 250821-1302_14_5 23.113 0.024 38.3128 38.3770 0.3 15.9 23.12 107.99 
250821-1302 250821-1302_14_6 23.117 0.027 38.2912 38.3526 0.5 11.5 23.27 110.24 
250821-1302 250821-1302_14_7 22.977 0.018 38.2613 38.3288 0.8 12.7 23.05 109.60 
250821-1302 250821-1302_14_8 23.281 0.004 38.3283 38.3867 0.2 14.9 23.29 108.88 
250821-1302 250821-1302_14_9 23.270 0.031 38.3168 38.3717 0.9 11.9 23.45 108.75 
250821-1302 250821-1302_14_10 23.824 0.022 38.3090 38.3443 0.3 14.6 23.98 107.38 
250821-1302 250821-1302_14_11 23.531 0.016 38.3333 38.3822 0.8 13.0 23.56 108.44 
250821-1302 250821-1302_14_12 23.648 0.008 38.3141 38.3601 0.3 14.9 23.69 108.82 
250821-1302 250821-1302_14_13 23.680 0.015 38.3110 38.3532 0.8 11.9 23.82 108.91 
250821-1302 250821-1302_14_14 23.023 0.022 38.3132 38.3769 0.4 15.6 23.23 108.71 
250821-1302 250821-1302_14_15 23.277 0.005 38.2541 38.3127 0.3 7.2 23.31 108.40 
250821-1302 250821-1302_14_16 23.305 0.004 38.2563 38.3120 0.8 7.9 23.45 106.48 
250821-1302 250821-1302_14_17 23.531 0.051 38.3006 38.3440 0.3 10.8 23.77 109.69 
250821-1302 250821-1302_14_18 23.398 0.026 38.3112 38.3640 0.7 7.9 23.48 107.90 
250821-1302 250821-1302_14_19 23.234 0.008 38.3379 38.3980 0.2 7.9 23.26 107.40 
250821-1302 250821-1302_15_0 23.016 0.008 38.2648 38.3317 1.0 13.2 23.07 107.85 
250821-1302 250821-1302_15_1 22.898 0.000 38.2767 38.3482 0.6 13.5 22.96 108.91 
250821-1302 250821-1302_15_2 22.930 0.020 38.3160 38.3832 3.6 15.8 23.13 109.83 
250821-1302 250821-1302_15_3 23.188 0.037 38.3149 38.3710 -0.0 12.2 23.38 110.42 
250821-1302 250821-1302_15_4 23.000 0.015 38.3118 38.3788 1.0 13.9 23.07 111.23 
250821-1302 250821-1302_15_5 23.117 0.008 38.3246 38.3886 0.2 13.5 23.12 110.85 
250821-1302 250821-1302_15_6 23.117 0.024 38.2890 38.3501 0.9 15.3 23.27 110.33 
250821-1302 250821-1302_15_7 22.957 0.037 38.2392 38.3042 0.3 13.8 23.17 109.98 
250821-1302 250821-1302_15_8 23.281 0.004 38.3212 38.3797 0.2 14.7 23.29 108.73 
250821-1302 250821-1302_15_9 23.289 0.008 38.3226 38.3784 0.9 12.8 23.41 108.69 
250821-1302 250821-1302_15_10 23.820 0.024 38.3233 38.3584 0.2 11.4 23.99 107.27 
250821-1302 250821-1302_15_11 23.516 0.035 38.3241 38.3722 0.8 15.2 23.59 108.42 
250821-1302 250821-1302_15_12 23.652 0.010 38.3235 38.3693 0.2 13.6 23.70 108.85 
250821-1302 250821-1302_15_13 23.688 0.000 38.3161 38.3591 0.8 12.0 23.77 107.88 
250821-1302 250821-1302_15_14 23.020 0.021 38.3129 38.3768 0.3 15.8 23.23 108.79 
250821-1302 250821-1302_15_15 23.270 0.018 38.2539 38.3115 0.6 9.5 23.36 107.06 
250821-1302 250821-1302_15_16 23.309 0.006 38.2837 38.3392 0.7 8.5 23.45 106.60 
250821-1302 250821-1302_15_17 23.559 0.028 38.2872 38.3333 0.3 8.5 23.69 110.13 
250821-1302 250821-1302_15_18 23.398 0.026 38.3019 38.3546 0.7 9.9 23.48 109.17 
250821-1302 250821-1302_15_19 23.227 0.019 38.3204 38.3807 0.2 10.5 23.24 107.38 
250821-1302 250821-1302_16_0 23.016 0.023 38.2687 38.3324 0.2 11.7 23.20 108.03 
250821-1302 250821-1302_16_1 22.906 0.004 38.2419 38.3131 0.1 12.9 22.96 108.68 
250821-1302 250821-1302_16_2 22.945 0.007 38.3018 38.3694 2.6 15.2 23.10 108.94 
250821-1302 250821-1302_16_3 23.188 0.033 38.3285 38.3847 0.1 13.3 23.38 110.09 
250821-1302 250821-1302_16_4 22.980 0.037 38.2951 38.3612 1.2 14.7 23.10 110.40 
250821-1302 250821-1302_16_5 23.117 0.007 38.3125 38.3765 0.1 13.1 23.12 111.85 
250821-1302 250821-1302_16_6 23.125 0.010 38.2930 38.3552 1.0 14.5 23.23 111.84 
250821-1302 250821-1302_16_7 22.957 0.037 38.2485 38.3134 0.2 12.4 23.17 110.36 
250821-1302 250821-1302_16_8 23.273 0.024 38.2853 38.3424 0.6 11.8 23.35 108.93 
250821-1302 250821-1302_16_9 23.281 0.012 38.3192 38.3749 0.9 15.5 23.42 109.04 
250821-1302 250821-1302_16_10 23.820 0.016 38.3394 38.3766 0.3 14.6 23.91 108.71 
250821-1302 250821-1302_16_11 23.516 0.037 38.3200 38.3679 0.8 13.4 23.59 108.65 
250821-1302 250821-1302_16_12 23.656 0.000 38.3219 38.3676 0.3 13.2 23.68 109.34 
250821-1302 250821-1302_16_13 23.691 0.003 38.3219 38.3648 0.8 12.0 23.77 108.11 
250821-1302 250821-1302_16_14 23.035 0.006 38.2988 38.3649 0.2 13.8 23.16 108.26 
250821-1302 250821-1302_16_15 23.266 0.020 38.2601 38.3177 0.7 9.3 23.37 107.55 
250821-1302 250821-1302_16_16 23.492 0.045 38.2864 38.3376 0.4 8.4 23.55 107.14 
250821-1302 250821-1302_16_17 23.562 0.024 38.2553 38.3013 0.3 10.7 23.69 110.77 
250821-1302 250821-1302_16_18 23.414 0.007 38.2731 38.3266 0.7 10.9 23.47 110.22 
250821-1302 250821-1302_16_19 23.223 0.022 38.2952 38.3556 0.2 13.2 23.24 107.27 
250821-1302 250821-1302_17_0 23.016 0.023 38.2410 38.3047 0.1 12.8 23.20 108.68 
250821-1302 250821-1302_17_1 22.891 0.008 38.2665 38.3377 0.6 13.9 23.00 108.38 
250821-1302 250821-1302_17_2 22.949 0.009 38.3002 38.3674 3.7 17.4 23.10 109.05 
250821-1302 250821-1302_17_3 23.195 0.020 38.3238 38.3823 -0.0 14.9 23.30 109.99 
250821-1302 250821-1302_17_4 22.977 0.041 38.2794 38.3454 1.4 17.0 23.10 110.22 
250821-1302 250821-1302_17_5 23.117 0.019 38.2823 38.3463 0.3 13.4 23.12 110.10 
250821-1302 250821-1302_17_6 23.125 0.008 38.3234 38.3853 1.0 13.1 23.23 109.13 
250821-1302 250821-1302_17_7 22.977 0.019 38.2676 38.3344 0.1 13.9 23.10 111.96 
250821-1302 250821-1302_17_8 23.273 0.024 38.2959 38.3531 0.8 13.2 23.34 109.85 
250821-1302 250821-1302_17_9 23.805 0.010 38.3298 38.3705 0.6 12.9 23.81 108.10 
250821-1302 250821-1302_17_10 23.820 0.014 38.3554 38.3926 0.2 13.4 23.92 108.53 
250821-1302 250821-1302_17_11 23.527 0.018 38.3210 38.3698 0.8 12.6 23.57 108.83 
250821-1302 250821-1302_17_12 23.660 0.003 38.3314 38.3770 0.3 12.1 23.68 109.34 
250821-1302 250821-1302_17_13 23.680 0.015 38.2872 38.3291 0.8 14.7 23.81 107.78 
250821-1302 250821-1302_17_14 23.035 0.003 38.2841 38.3502 0.3 16.8 23.16 107.83 
250821-1302 250821-1302_17_15 23.281 0.003 38.2670 38.3256 0.7 7.7 23.34 106.41 
250821-1302 250821-1302_17_16 23.496 0.047 38.3013 38.3525 0.3 10.0 23.54 107.34 
250821-1302 250821-1302_17_17 23.535 0.053 38.2498 38.2963 0.6 8.0 23.72 105.49 
250821-1302 250821-1302_17_18 23.414 0.007 38.2796 38.3331 0.7 10.0 23.47 109.14 
250821-1302 250821-1302_17_19 23.246 0.003 38.2894 38.3491 0.3 9.3 23.27 107.20 
250821-1302 250821-1302_18_0 23.020 0.009 38.2906 38.3566 -0.1 14.0 23.12 107.99 
250821-1302 250821-1302_18_1 22.898 0.009 38.2559 38.3268 0.9 14.2 23.00 108.29 
250821-1302 250821-1302_18_2 23.199 0.028 38.2685 38.3297 2.2 17.0 23.19 109.00 
250821-1302 250821-1302_18_3 23.195 0.020 38.3230 38.3815 0.3 16.9 23.30 110.12 
250821-1302 250821-1302_18_4 23.000 0.024 38.2951 38.3615 1.3 15.3 23.08 110.32 
250821-1302 250821-1302_18_5 23.117 0.019 38.3049 38.3689 0.1 15.2 23.12 110.05 
250821-1302 250821-1302_18_6 23.121 0.026 38.3128 38.3736 1.0 14.3 23.28 109.09 
250821-1302 250821-1302_18_7 22.984 0.016 38.2886 38.3552 0.1 14.2 23.11 111.47 
250821-1302 250821-1302_18_8 23.277 0.009 38.3102 38.3683 0.8 15.0 23.31 109.58 
250821-1302 250821-1302_18_9 23.809 0.009 38.3296 38.3702 0.3 12.9 23.81 107.95 
250821-1302 250821-1302_18_10 23.824 0.020 38.2978 38.3329 0.6 13.5 23.98 109.09 
250821-1302 250821-1302_18_11 23.523 0.020 38.3209 38.3698 0.8 14.8 23.56 108.73 
250821-1302 250821-1302_18_12 23.664 0.008 38.2895 38.3350 0.2 13.2 23.69 108.65 
250821-1302 250821-1302_18_13 23.680 0.015 38.3091 38.3512 0.8 16.6 23.82 108.09 
250821-1302 250821-1302_18_14 23.027 0.022 38.2844 38.3479 0.2 13.3 23.23 107.63 
250821-1302 250821-1302_18_15 23.281 0.003 38.2758 38.3341 0.7 10.3 23.34 106.20 
250821-1302 250821-1302_18_16 23.539 0.008 38.3116 38.3613 0.3 8.1 23.56 105.99 
250821-1302 250821-1302_18_17 23.535 0.051 38.2810 38.3273 0.7 9.3 23.72 105.63 
250821-1302 250821-1302_18_18 23.398 0.030 38.2550 38.3049 0.3 9.5 23.60 109.23 
250821-1302 250821-1302_18_19 23.246 0.006 38.2742 38.3338 0.2 7.8 23.27 107.10 
250821-1302 250821-1302_19_0 23.023 0.007 38.2926 38.3586 -0.0 13.8 23.12 107.52 
250821-1302 250821-1302_19_1 22.910 0.003 38.3090 38.3802 1.0 14.0 22.98 108.37 
250821-1302 250821-1302_19_2 23.195 0.027 38.2820 38.3434 0.9 14.2 23.19 109.08 
250821-1302 250821-1302_19_3 23.191 0.037 38.3028 38.3605 0.5 13.1 23.37 109.87 
250821-1302 250821-1302_19_4 23.000 0.022 38.2891 38.3556 1.0 13.3 23.09 109.72 
250821-1302 250821-1302_19_5 23.117 0.004 38.3133 38.3773 0.2 12.4 23.13 111.62 
250821-1302 250821-1302_19_6 23.117 0.027 38.3071 38.3679 1.3 14.1 23.28 110.15 
250821-1302 250821-1302_19_7 22.965 0.033 38.2731 38.3376 0.2 13.1 23.18 111.19 
250821-1302 250821-1302_19_8 23.281 0.008 38.3009 38.3588 0.8 13.4 23.32 109.16 
250821-1302 250821-1302_19_9 23.797 0.006 38.3290 38.3699 0.2 14.1 23.81 108.08 
250821-1302 250821-1302_19_10 23.824 0.022 38.3307 38.3658 0.7 17.7 23.98 109.16 
250821-1302 250821-1302_19_11 23.512 0.041 38.3130 38.3586 0.5 15.1 23.70 109.12 
250821-1302 250821-1302_19_12 23.664 0.009 38.2904 38.3358 0.3 13.8 23.70 109.27 
250821-1302 250821-1302_19_13 23.695 0.000 38.3008 38.3433 0.9 14.1 23.78 107.35 
250821-1302 250821-1302_19_14 23.031 0.020 38.3041 38.3673 0.3 13.1 23.24 107.09 
250821-1302 250821-1302_19_15 23.266 0.023 38.2729 38.3303 0.7 10.9 23.38 107.95 
250821-1302 250821-1302_19_16 23.539 0.011 38.3332 38.3829 0.2 6.7 23.56 105.93 
250821-1302 250821-1302_19_17 23.562 0.024 38.3168 38.3641 0.7 10.4 23.68 105.66 
250821-1302 250821-1302_19_18 23.398 0.027 38.2602 38.3100 0.2 7.6 23.62 106.27 
250821-1302 250821-1302_19_19 23.238 0.016 38.2675 38.3263 0.6 11.7 23.30 108.70 
250821-1302 250821-1302_20_0 23.016 0.023 38.2939 38.3573 0.0 12.5 23.20 107.18 
250821-1302 250821-1302_20_1 22.914 0.003 38.3084 38.3792 1.1 12.0 22.98 109.42 
250821-1302 250821-1302_20_2 23.199 0.016 38.3208 38.3821 0.5 13.4 23.20 108.68 
250821-1302 250821-1302_20_3 23.188 0.037 38.3234 38.3809 1.6 14.5 23.37 108.67 
250821-1302 250821-1302_20_4 22.984 0.041 38.3060 38.3695 0.2 15.2 23.21 109.53 
250821-1302 250821-1302_20_5 23.125 0.003 38.3162 38.3800 0.1 13.7 23.12 110.62 
250821-1302 250821-1302_20_6 23.117 0.012 38.3039 38.3655 1.1 12.6 23.24 110.49 
250821-1302 250821-1302_20_7 22.965 0.033 38.2870 38.3514 0.1 12.7 23.18 110.75 
250821-1302 250821-1302_20_8 23.273 0.027 38.2885 38.3454 0.8 12.7 23.34 109.07 
250821-1302 250821-1302_20_9 23.805 0.004 38.3283 38.3689 0.3 15.1 23.82 108.28 
250821-1302 250821-1302_20_10 23.816 0.016 38.3555 38.3902 0.8 16.8 23.96 109.34 
250821-1302 250821-1302_20_11 23.512 0.037 38.2953 38.3406 0.3 12.6 23.70 108.36 
250821-1302 250821-1302_20_12 23.672 0.000 38.3029 38.3480 0.6 15.7 23.73 109.14 
250821-1302 250821-1302_20_13 23.695 0.000 38.2916 38.3341 0.8 14.2 23.78 107.62 
250821-1302 250821-1302_20_14 23.043 0.003 38.2804 38.3460 0.3 14.4 23.16 107.26 
250821-1302 250821-1302_20_15 23.266 0.027 38.2588 38.3159 0.7 7.6 23.38 108.79 
250821-1302 250821-1302_20_16 23.508 0.045 38.3332 38.3839 0.3 7.5 23.55 107.53 
250821-1302 250821-1302_20_17 23.559 0.028 38.3401 38.3872 0.7 8.6 23.69 105.82 
250821-1302 250821-1302_20_18 23.414 0.010 38.3361 38.3879 0.1 10.2 23.53 106.66 
250821-1302 250821-1302_20_19 23.230 0.024 38.2898 38.3484 0.7 9.2 23.30 108.26 
250821-1302 250821-1302_21_0 23.016 0.025 38.2885 38.3517 0.1 14.5 23.20 106.23 
250821-1302 250821-1302_21_1 22.902 0.016 38.2392 38.3094 1.5 16.3 23.01 108.63 
250821-1302 250821-1302_21_2 23.199 0.016 38.2904 38.3517 0.2 11.4 23.20 109.63 
250821-1302 250821-1302_21_3 23.199 0.018 38.2995 38.3577 1.3 15.3 23.33 109.02 
250821-1302 250821-1302_21_4 22.984 0.041 38.2930 38.3564 0.1 13.8 23.21 109.31 
250821-1302 250821-1302_21_5 23.121 0.018 38.2879 38.3506 0.5 11.4 23.19 110.31 
250821-1302 250821-1302_21_6 23.125 0.011 38.3075 38.3688 1.3 15.6 23.25 110.11 
250821-1302 250821-1302_21_7 22.984 0.018 38.3071 38.3736 0.1 12.9 23.11 110.63 
250821-1302 250821-1302_21_8 23.273 0.027 38.2924 38.3493 0.8 13.4 23.35 109.22 
250821-1302 250821-1302_21_9 23.820 0.007 38.3216 38.3617 0.2 14.1 23.81 108.96 
250821-1302 250821-1302_21_10 23.820 0.014 38.3265 38.3613 0.8 13.1 23.95 109.21 
250821-1302 250821-1302_21_11 23.527 0.018 38.2798 38.3275 0.2 14.7 23.62 108.32 
250821-1302 250821-1302_21_12 23.664 0.007 38.3234 38.3684 0.8 17.4 23.73 109.27 
250821-1302 250821-1302_21_13 23.000 0.018 38.2971 38.3651 0.5 15.7 23.05 107.44 
250821-1302 250821-1302_21_14 23.043 0.004 38.2546 38.3201 0.3 14.3 23.17 106.65 
250821-1302 250821-1302_21_15 23.285 0.006 38.2796 38.3376 0.7 8.0 23.34 109.27 
250821-1302 250821-1302_21_16 23.512 0.041 38.3174 38.3680 0.2 9.4 23.55 107.14 
250821-1302 250821-1302_21_17 23.539 0.051 38.3239 38.3700 0.7 7.7 23.72 105.86 
250821-1302 250821-1302_21_18 23.414 0.008 38.2785 38.3303 0.2 10.1 23.53 106.31 
250821-1302 250821-1302_21_19 23.250 0.004 38.3260 38.3853 0.7 8.9 23.28 108.11 
250821-1302 250821-1302_22_0 23.023 0.007 38.3268 38.3925 0.1 13.6 23.12 110.65 
250821-1302 250821-1302_22_1 22.902 0.014 38.2634 38.3338 2.3 15.8 23.02 108.88 
250821-1302 250821-1302_22_2 23.199 0.030 38.3127 38.3739 0.4 12.1 23.19 109.31 
250821-1302 250821-1302_22_3 23.195 0.020 38.3298 38.3879 1.1 17.3 23.34 109.71 
250821-1302 250821-1302_22_4 23.000 0.024 38.3171 38.3826 0.1 16.4 23.14 109.04 
250821-1302 250821-1302_22_5 23.117 0.022 38.3010 38.3635 0.9 14.4 23.18 110.72 
250821-1302 250821-1302_22_6 22.934 0.035 38.2983 38.3686 0.6 11.0 22.98 110.70 
250821-1302 250821-1302_22_7 22.984 0.016 38.3180 38.3844 0.1 12.5 23.11 110.48 
250821-1302 250821-1302_22_8 23.285 0.007 38.2955 38.3534 0.8 12.3 23.32 109.54 
250821-1302 250821-1302_22_9 23.820 0.010 38.3208 38.3609 0.3 14.0 23.81 109.59 
250821-1302 250821-1302_22_10 23.820 0.024 38.3113 38.3461 0.8 16.6 23.98 109.05 
250821-1302 250821-1302_22_11 23.527 0.018 38.2617 38.3094 0.2 12.6 23.62 108.49 
250821-1302 250821-1302_22_12 23.680 0.012 38.3388 38.3845 0.8 14.8 23.70 110.20 
250821-1302 250821-1302_22_13 22.996 0.018 38.3074 38.3755 0.3 15.6 23.05 107.38 
250821-1302 250821-1302_22_14 23.031 0.024 38.2189 38.2836 0.6 14.7 23.23 106.10 
250821-1302 250821-1302_22_15 23.289 0.003 38.2909 38.3490 0.7 7.2 23.35 108.38 
250821-1302 250821-1302_22_16 23.547 0.011 38.2941 38.3435 0.2 8.1 23.56 107.00 
250821-1302 250821-1302_22_17 23.539 0.053 38.2935 38.3394 0.8 8.3 23.73 108.71 
250821-1302 250821-1302_22_18 23.398 0.027 38.2683 38.3179 0.2 9.7 23.62 106.72 
250821-1302 250821-1302_22_19 23.258 0.004 38.3274 38.3864 0.8 9.6 23.29 110.00 
