250821-1302_0_0 4 400 37.7546 23.06 0 37.8206 0.0160402 0.477678 -3536.09 93.6594
250821-1302_0_10 4 400 37.7394 23.81 0 37.7799 0.0282972 0.119452 -3513.74 93.1053
250821-1302_0_11 4 400 37.7726 24.0821 0.00755929 37.8038 0.0193676 0.135983 -3518.6 93.1522
250821-1302_0_12 4 400 37.7015 23.8457 0.00449868 37.7407 0.0236833 0.12596 -3512.28 93.1603
250821-1302_0_1 4 400 37.7237 23.4099 0.00318479 37.7778 0.0232682 0.131494 -3503.45 92.8709
250821-1302_0_13 4 400 37.7301 23.7807 0.00188982 37.7716 0.0246044 0.0569745 -3516.7 93.2063
250821-1302_0_14 4 400 37.7345 23.1563 0.00482059 37.7972 0.023511 0.0831268 -3524.61 93.4048
250821-1302_0_15 4 400 37.6732 23.6563 0.00482059 37.7188 0.0230309 0.121493 -3511.48 93.2089
250821-1302_0_16 4 400 37.7651 23.73 3.83737e-15 37.8083 0.00898934 0.731712 -3542.19 93.7954
250821-1302_0_17 4 400 37.7044 23.6743 0.00607493 37.7495 0.0310107 0.0675044 -3519.18 93.3355
250821-1302_0_18 4 400 37.7895 24.0129 0.00566947 37.8231 0.014361 0.423951 -3539.43 93.6614
250821-1302_0_19 4 400 37.7238 23.855 0.0057735 37.7627 0.0320624 0.0621723 -3512.96 93.1233
250821-1302_0_2 4 400 37.7405 23.2129 0.00393398 37.8012 0.0186591 0.12709 -3518.33 93.2243
250821-1302_0_3 4 400 37.7175 23.2236 0.00439155 37.7779 0.0287745 0.115236 -3513.03 93.1403
250821-1302_0_4 4 400 37.7341 23.6564 0.00626783 37.7798 0.0158159 0.394912 -3507.41 92.9505
250821-1302_0_5 4 400 37.7501 23.375 0.00763763 37.8054 0.0295797 0.0704086 -3531.9 93.5594
250821-1302_0_6 4 400 37.7562 23.27 3.83737e-15 37.815 0.038708 0.103971 -3524.7 93.3543
250821-1302_0_7 4 400 37.711 23.035 0.00288675 37.7778 0.0206791 0.0738886 -3512.84 93.1513
250821-1302_0_8 4 400 37.7704 23.5091 0.0100071 37.8211 0.0120265 0.0584703 -3529.36 93.4422
250821-1302_0_9 4 400 37.7663 23.4791 0.00226779 37.818 0.0101992 0.394698 -3536.2 93.6337
250821-1302_10_0 4 400 37.7423 23.2 3.83737e-15 37.8035 0.0162766 1.04031 -3534.09 93.6376
250821-1302_10_10 4 400 37.7163 24.0171 0.00393398 37.7497 0.0121002 1.06671 -3523.58 93.4231
250821-1302_10_11 4 400 37.7602 23.5893 0.00188982 37.8082 0.0155905 0.121586 -3516.57 93.1288
250821-1302_10_12 4 400 37.7543 23.8806 0.00151186 37.7924 0.0185482 0.17089 -3522.85 93.3095
250821-1302_10_1 4 400 37.7442 23.0079 0.00267261 37.812 0.0180045 0.1049 -3513.88 93.0968
250821-1302_10_13 4 400 37.7728 23.9766 0.00320713 37.8076 0.0268901 0.082369 -3512.83 92.9984
250821-1302_10_14 4 400 37.6982 23.3579 0.00698638 37.754 0.0250975 0.172069 -3490.56 92.5922
250821-1302_10_15 4 400 37.7051 23.4036 0.00626783 37.7593 0.0308818 0.131464 -3503.78 92.9259
250821-1302_10_16 4 400 37.7595 23.8093 0.00188982 37.8 0.020503 0.0730962 -3529.37 93.4696
250821-1302_10_17 4 400 37.7836 23.9271 0.00393398 37.8201 0.0137341 1.35119 -3528.78 93.3944
250821-1302_10_18 4 400 37.7199 23.59 0 37.7679 0.0215433 0.184053 -3539.05 93.8245
250821-1302_10_19 4 400 37.7748 23.906 0.004 37.812 0.01594 0.262562 -3567.08 94.4302
250821-1302_10_2 4 400 37.7612 23.4657 0.00838082 37.8134 0.0189841 0.571227 -3549.62 94.0016
250821-1302_1_0 4 400 37.7382 23.0606 0.00151186 37.8041 0.0240924 0.254373 -3523.19 93.3585
250821-1302_10_3 4 400 37.786 23.3643 0.00534522 37.8416 0.0120631 0.933184 -3552.52 94.0168
250821-1302_10_4 4 400 37.7508 23.1483 0.00593617 37.8137 0.0204035 0.151171 -3508.54 92.9392
250821-1302_10_5 4 400 37.7626 23.5986 0.00556349 37.8103 0.0244287 0.118993 -3504.93 92.8143
250821-1302_10_6 4 400 37.7475 23.5086 0.00377964 37.7982 0.025432 0.0806639 -3519.73 93.2438
250821-1302_10_7 4 400 37.7373 23.2177 0.00464451 37.7979 0.0211177 0.0726417 -3526.7 93.4536
250821-1302_10_8 4 400 37.7493 23.3257 0.00449868 37.8062 0.0214163 0.139112 -3516.29 93.1483
250821-1302_10_9 4 400 37.6944 23.7107 0.00672593 37.7383 0.017992 0.33756 -3518.1 93.3317
250821-1302_1_10 4 400 37.7429 23.8126 0.00377964 37.7833 0.0290038 0.127258 -3519.55 93.25
250821-1302_11_0 4 400 37.7493 23.2093 0.00345033 37.8102 0.0214869 0.137654 -3517.11 93.17
250821-1302_11_10 4 400 37.7419 24.02 3.83737e-15 37.7752 0.00448896 0.0837638 -3539.75 93.7883
250821-1302_11_11 4 400 37.7571 23.63 0 37.8036 0.0108874 0.205989 -3528.98 93.4657
250821-1302_11_12 4 400 37.7436 23.8881 0.00425944 37.7814 0.0213761 0.218079 -3510.55 93.0105
250821-1302_1_11 4 400 37.7567 24.0186 0.00243975 37.79 0.0209307 0.247536 -3521.23 93.2608
250821-1302_11_1 4 400 37.7395 23.0393 0.00786796 37.8062 0.0254121 0.0746558 -3505.38 92.8833
250821-1302_11_13 4 400 37.751 23.9091 0.00226779 37.7881 0.0260301 0.153382 -3501.31 92.747
250821-1302_11_14 4 400 37.7402 23.3799 0.00260951 37.7953 0.0166178 0.33265 -3517.71 93.2085
250821-1302_11_15 4 400 37.6936 23.3811 0.0019518 37.7487 0.00949776 0.922072 -3501.9 92.9043
250821-1302_11_16 4 400 37.7414 23.8191 0.00549025 37.7815 0.0165861 0.182852 -3537.25 93.7231
250821-1302_11_17 4 400 37.7712 23.8421 0.00267261 37.8105 0.0316361 0.0825489 -3519.91 93.1903
250821-1302_11_18 4 400 37.7708 23.5993 0.00731925 37.8184 0.00995459 1.22886 -3532.49 93.5244
250821-1302_11_19 4 400 37.7593 23.26 0.00288675 37.8184 0.0200913 0.112218 -3563.38 94.371
250821-1302_1_12 4 400 37.708 23.8543 0.00449868 37.747 0.0289979 0.0660731 -3510.61 93.0995
250821-1302_11_2 4 400 37.754 23.4847 0.00660087 37.8055 0.0105939 0.417009 -3546.7 93.9423
250821-1302_1_1 4 400 37.7603 23.4777 0.0040708 37.8121 0.0151225 0.295659 -3522.74 93.2921
250821-1302_1_13 4 400 37.7311 23.8131 0.00362531 37.7715 0.016262 0.132506 -3516.44 93.1972
250821-1302_11_3 4 400 37.7589 23.5221 0.00267261 37.8091 0.0157471 1.27324 -3525.3 93.3634
250821-1302_1_14 4 400 37.7217 23.17 0.00763763 37.7839 0.0296664 0.101584 -3517.29 93.2429
250821-1302_11_4 4 400 37.755 23.1621 0.00393398 37.8175 0.0244116 0.130831 -3518.42 93.1903
250821-1302_1_15 4 400 37.698 23.6557 0.00534522 37.7437 0.0157587 0.154364 -3517.92 93.3185
250821-1302_11_5 4 400 37.7563 23.535 0.00408248 37.8061 0.0253851 0.107368 -3507.73 92.9043
250821-1302_1_16 4 400 37.7466 23.7439 0.00530498 37.7893 0.0295702 0.0515138 -3517.48 93.1864
250821-1302_11_6 4 400 37.7478 23.5186 0.00243975 37.7981 0.0297169 0.147724 -3505.36 92.8627
250821-1302_1_17 4 400 37.7188 23.7254 0.00457738 37.7621 0.018321 0.638918 -3521.68 93.3667
250821-1302_11_7 4 400 37.7476 23.2527 0.00773982 37.807 0.0261479 0.147269 -3517.86 93.1944
250821-1302_1_18 4 400 37.7842 24.02 3.83737e-15 37.8175 0.0199448 0.113253 -3524.62 93.2829
250821-1302_11_8 4 400 37.766 23.3371 0.0048795 37.8226 0.0277173 0.136909 -3524.54 93.3259
250821-1302_1_19 4 400 37.712 23.7886 0.00475595 37.7532 0.0301265 0.214379 -3511.37 93.11
250821-1302_11_9 4 400 37.699 23.7036 0.00475595 37.7431 0.0247719 0.135664 -3521.52 93.4113
250821-1302_12_0 4 400 37.7592 23.2514 0.00690066 37.8187 0.0116392 0.368649 -3505.81 92.8463
250821-1302_12_10 4 400 37.7176 23.9286 0.00556349 37.754 0.0262865 0.137823 -3509.56 93.048
250821-1302_12_11 4 400 37.7475 23.639 0.00387298 37.7937 0.0158952 0.6643 -3516.57 93.1602
250821-1302_12_12 4 400 37.7462 23.68 3.83737e-15 37.7911 0.0277775 0.216188 -3507.43 92.9214
250821-1302_12_1 4 400 37.7395 23.055 0.005 37.8056 0.0280299 0.101362 -3500.24 92.7469
250821-1302_12_13 4 400 37.7419 23.9171 0.0048795 37.7787 0.0310992 0.129053 -3500.06 92.7363
250821-1302_12_14 4 400 37.7418 23.3486 0.00475595 37.7979 0.0213644 0.110145 -3507.43 92.9325
250821-1302_12_15 4 400 37.7154 23.3961 0.00698638 37.7699 0.0227555 0.247002 -3515.36 93.2078
250821-1302_12_16 4 400 37.7072 23.8983 0.00867399 37.7446 0.0153487 0.584024 -3513.97 93.1909
250821-1302_12_17 4 400 37.7513 23.8557 0.00932227 37.7903 0.0271906 0.0362329 -3520.31 93.2498
250821-1302_12_18 4 400 37.7658 23.5986 0.00243975 37.8134 0.0162777 0.209382 -3519.36 93.189
250821-1302_12_19 4 400 37.7553 23.27 0.00288675 37.8141 0.0220057 0.175843 -3541.23 93.7946
250821-1302_12_2 4 400 37.7394 23.4643 0.00534522 37.7916 0.0235938 0.110954 -3511.24 93.039
250821-1302_1_2 4 400 37.7519 23.2247 0.00579409 37.8123 0.0154066 0.573423 -3524.48 93.3589
250821-1302_12_3 4 400 37.7533 23.5357 0.00449868 37.8031 0.0194514 0.403318 -3529.79 93.496
250821-1302_12_4 4 400 37.7323 23.2071 0.00636209 37.7933 0.021533 0.443465 -3502.03 92.8123
250821-1302_12_5 4 400 37.7787 23.5421 0.00393398 37.8283 0.0132316 0.168651 -3517.5 93.1078
250821-1302_12_6 4 400 37.7332 23.4543 0.00534522 37.7858 0.0175256 0.182163 -3524.44 93.4039
250821-1302_12_7 4 400 37.7412 23.27 3.83737e-15 37.8 0.0244704 0.0704449 -3504.67 92.8603
250821-1302_12_8 4 400 37.735 23.3167 0.00512231 37.7922 0.0131774 1.83586 -3506.64 92.9279
250821-1302_12_9 4 400 37.7069 23.7129 0.00267261 37.7507 0.0121576 0.123022 -3521.5 93.3912
250821-1302_13_0 4 400 37.7658 23.2664 0.00475595 37.8248 0.0224903 0.359204 -3500.57 92.6912
250821-1302_13_10 4 400 37.7344 23.9386 0.00243975 37.7704 0.0287758 0.102816 -3521.09 93.3125
250821-1302_13_11 4 400 37.7787 23.6349 0.00501427 37.8251 0.0160834 0.707984 -3541.77 93.7505
250821-1302_13_12 4 400 37.7565 23.6786 0.00243975 37.8014 0.0128734 0.317488 -3521.17 93.2599
250821-1302_13_1 4 400 37.7198 23.0364 0.00626783 37.7866 0.0122162 0.759548 -3490.78 92.5447
250821-1302_13_13 4 400 37.765 23.967 0.00544671 37.8001 0.02035 0.185405 -3528.83 93.4417
250821-1302_13_14 4 400 37.7646 23.3664 0.00377964 37.8201 0.0168563 0.182908 -3516.54 93.1173
250821-1302_13_15 4 400 37.6984 23.4536 0.00556349 37.7509 0.0216489 0.147824 -3506.81 93.023
250821-1302_13_16 4 400 37.6854 23.9136 0.00475595 37.7224 0.0208875 0.0888185 -3505.34 93.0156
250821-1302_13_17 4 400 37.7394 23.9557 0.00449868 37.7749 0.0320181 0.0727802 -3522.26 93.3308
250821-1302_13_18 4 400 37.7866 23.6114 0.00377964 37.8338 0.0232887 0.211358 -3530.22 93.4247
250821-1302_13_19 4 400 37.7675 23.3071 0.0048795 37.8251 0.0291701 0.117586 -3526.05 93.3616
250821-1302_13_2 4 400 37.745 23.4769 0.00414039 37.7968 0.0215088 0.158329 -3514.83 93.1201
250821-1302_1_3 4 400 37.7035 23.27 3.83737e-15 37.7623 0.0184583 0.120747 -3500.83 92.8515
250821-1302_13_3 4 400 37.7655 23.4507 0.00188982 37.8182 0.0287531 0.121947 -3518.67 93.1715
250821-1302_13_4 4 400 37.7384 23.224 0.00447214 37.7988 0.0166252 0.239379 -3508.45 92.9676
250821-1302_13_5 4 400 37.771 23.1306 0.00151186 37.8346 0.0261662 0.131508 -3531.5 93.4973
250821-1302_13_6 4 400 37.7314 23.4696 0.00787098 37.7834 0.031353 0.166948 -3520.94 93.3155
250821-1302_13_7 4 400 37.7178 23.247 0.00814453 37.7774 0.0168912 0.269504 -3522.73 93.3968
250821-1302_13_8 4 400 37.754 23.3243 0.00345033 37.8109 0.0291965 0.107523 -3522.15 93.2922
250821-1302_13_9 4 400 37.7671 23.7686 0.00475595 37.809 0.0131838 0.516415 -3520.57 93.2178
250821-1302_14_0 4 400 37.7571 23.2307 0.00188982 37.8173 0.0175634 0.263064 -3518.22 93.1803
250821-1302_14_10 4 400 37.7413 24.0286 0.00243975 37.7743 0.0275731 0.0837052 -3521.45 93.3049
250821-1302_14_11 4 400 37.7672 23.6421 0.00393398 37.8134 0.0267162 0.0441161 -3514.13 93.0471
250821-1302_14_12 4 400 37.7447 23.7 3.83737e-15 37.7889 0.0206124 0.171616 -3505.05 92.8621
250821-1302_14_1 4 400 37.7474 23.0521 0.00636209 37.8136 0.0221021 0.170168 -3520.54 93.2656
250821-1302_14_13 4 400 37.7476 23.9807 0.00188982 37.7822 0.0278745 0.121447 -3509.26 92.9659
250821-1302_14_14 4 400 37.7586 23.5221 0.00393398 37.8089 0.0140121 0.549559 -3528 93.4356
250821-1302_14_15 4 400 37.6876 23.4716 0.00672947 37.7396 0.0291267 0.0607139 -3499.86 92.8649
250821-1302_14_16 4 400 37.7228 23.8529 0.0048795 37.7618 0.021967 0.162328 -3525.4 93.4553
250821-1302_14_17 4 400 37.7452 23.9656 0.00582687 37.7803 0.0265102 0.0551663 -3522.71 93.3285
250821-1302_14_18 4 400 37.7711 23.6499 0.00563999 37.817 0.0145894 0.277729 -3528.46 93.4167
250821-1302_14_19 4 400 37.7767 23.32 0.00763763 37.8338 0.0255371 0.0839326 -3537.74 93.6487
250821-1302_14_2 4 400 37.7503 23.5521 0.00698638 37.7995 0.0160791 0.240596 -3509.2 92.9579
250821-1302_1_4 4 400 37.7448 23.6721 0.00755929 37.79 0.0185637 0.334196 -3513.76 93.0921
250821-1302_14_3 4 400 37.7515 23.4683 0.00518698 37.8035 0.0341945 0.0839575 -3503.37 92.8
250821-1302_14_4 4 400 37.7636 23.226 0.004 37.8239 0.0149714 0.382869 -3522.03 93.265
250821-1302_14_5 4 400 37.7628 23.1383 0.0029277 37.8261 0.0246404 0.0881178 -3526.89 93.3962
250821-1302_14_6 4 400 37.7438 23.525 0.00645497 37.7939 0.0125606 0.224474 -3511.85 93.0442
250821-1302_14_7 4 400 37.7099 23.26 0.00645497 37.769 0.0194121 0.349937 -3518.47 93.3036
250821-1302_14_8 4 400 37.7627 23.3771 0.00393398 37.8179 0.020374 0.209176 -3530.41 93.4892
250821-1302_14_9 4 400 37.7731 23.7843 0.00731925 37.8144 0.0240873 0.171229 -3524 93.2936
250821-1302_15_0 4 400 37.705 23.2413 0.00464451 37.7647 0.025056 0.216952 -3508.23 93.0442
250821-1302_15_10 4 400 37.7476 24.0329 0.00393398 37.7804 0.0290828 0.11442 -3517.12 93.1743
250821-1302_15_11 4 400 37.7779 23.6721 0.00566947 37.823 0.0160353 0.642238 -3518.22 93.129
250821-1302_15_12 4 400 37.7511 23.7071 0.00267261 37.7951 0.0331802 0.0664378 -3504.05 92.8191
250821-1302_15_1 4 400 37.7008 23.1036 0.00475595 37.7653 0.0204108 0.0999177 -3501.4 92.8736
250821-1302_15_13 4 400 37.7542 23.945 0.005 37.7901 0.026636 0.149335 -3520.04 93.2355
250821-1302_15_14 4 400 37.7792 23.5443 0.00534522 37.8287 0.00673857 2.68976 -3549.69 93.9588
250821-1302_15_15 4 400 37.7122 23.5093 0.00731925 37.7629 0.0132662 0.452646 -3519.58 93.3271
250821-1302_15_16 4 400 37.7353 23.8664 0.00556349 37.7738 0.0218033 0.121739 -3521.22 93.3136
250821-1302_15_17 4 400 37.7255 23.9026 0.00690066 37.7628 0.0259851 0.163442 -3518.03 93.2531
250821-1302_15_18 4 400 37.747 23.6607 0.00188982 37.7925 0.0232833 0.181089 -3516.38 93.1568
250821-1302_15_19 4 400 37.7543 23.3021 0.00698638 37.812 0.0121455 0.841366 -3541.8 93.8118
250821-1302_15_2 4 400 37.7826 23.5691 0.00796719 37.8312 0.0199705 0.180092 -3512.12 92.9562
250821-1302_1_5 4 400 37.7538 23.4791 0.00226779 37.8055 0.0169437 0.260779 -3526.95 93.4199
250821-1302_15_3 4 400 37.7527 23.5657 0.00534522 37.8014 0.0247741 0.128475 -3506.74 92.8866
250821-1302_15_4 4 400 37.7504 23.23 3.83737e-15 37.8106 0.0239523 0.25309 -3508.73 92.9453
250821-1302_15_5 4 400 37.7609 23.16 0 37.8235 0.0166848 0.064451 -3507.29 92.8814
250821-1302_15_6 4 400 37.7382 23.5414 0.00748013 37.7878 0.0228431 0.217673 -3515.19 93.1468
250821-1302_15_7 4 400 37.6852 23.4129 0.00393398 37.7392 0.00914573 0.863531 -3523.94 93.5099
250821-1302_15_8 4 400 37.7443 23.3834 0.00472077 37.7992 0.0298098 0.150078 -3516.7 93.1713
250821-1302_15_9 4 400 37.7778 23.7383 0.00518698 37.8207 0.0195888 0.261896 -3528.38 93.3979
250821-1302_16_0 4 400 37.7097 23.4006 0.00522357 37.7641 0.0216807 0.586512 -3519.01 93.3184
250821-1302_16_10 4 400 37.7641 23.9636 0.00475595 37.7994 0.019089 0.243562 -3517.97 93.1565
250821-1302_16_11 4 400 37.7625 23.6879 0.00809174 37.8071 0.0155159 0.263247 -3511.74 92.9952
250821-1302_16_12 4 400 37.7384 23.6871 0.00267261 37.7831 0.00846789 0.861495 -3498.92 92.715
250821-1302_16_1 4 400 37.6672 23.1193 0.00731925 37.7311 0.0304863 0.0792906 -3502.52 92.9857
250821-1302_16_13 4 400 37.7571 23.95 3.83737e-15 37.7928 0.0215976 0.169023 -3525.41 93.3709
250821-1302_16_14 4 400 37.7441 23.467 0.00892562 37.7962 0.0309771 0.0783184 -3526.01 93.4184
250821-1302_16_15 4 400 37.7184 23.5214 0.00377964 37.7687 0.0200235 0.608534 -3520.02 93.3233
250821-1302_16_16 4 400 37.7389 23.58 3.83737e-15 37.7871 0.0235099 0.149181 -3519.85 93.2683
250821-1302_16_17 4 400 37.7026 23.9114 0.00377964 37.7396 0.0273667 0.117168 -3518.4 93.3191
250821-1302_16_18 4 400 37.7241 23.6317 0.00213809 37.7706 0.0177935 0.196211 -3519.42 93.2935
250821-1302_16_19 4 400 37.7301 23.3106 0.00151186 37.7875 0.0216005 0.109359 -3537.68 93.7626
250821-1302_16_2 4 400 37.7517 23.5121 0.00636209 37.8023 0.0215402 0.0940674 -3512.39 93.0391
250821-1302_1_6 4 400 37.723 23.2771 0.00393398 37.7816 0.0262456 0.156386 -3505.37 92.9235
250821-1302_16_3 4 400 37.7608 23.575 0.005 37.8093 0.0280774 0.152224 -3506.81 92.8682
250821-1302_16_4 4 400 37.7533 23.2721 0.00698638 37.8121 0.017757 0.284201 -3505.8 92.8606
250821-1302_16_5 4 400 37.7297 23.17 0.0057735 37.7919 0.0240929 0.10099 -3493.23 92.5855
250821-1302_16_6 4 400 37.7326 23.5229 0.00267261 37.7829 0.0298426 0.10292 -3508.83 92.9913
250821-1302_16_7 4 400 37.6962 23.4264 0.00475595 37.7497 0.0294789 0.0296691 -3519.81 93.372
250821-1302_16_8 4 400 37.7413 23.4257 0.00449868 37.7948 0.0163389 0.731139 -3525.01 93.3991
250821-1302_16_9 4 400 37.7679 23.746 0.004 37.8106 0.0197526 0.20025 -3523.4 93.2904
250821-1302_17_0 4 400 37.6893 23.4107 0.00188982 37.7433 0.0134933 1.66608 -3529.39 93.6442
250821-1302_17_10 4 400 37.7846 23.972 0.00382971 37.8195 0.0304177 0.0827015 -3520.14 93.1628
250821-1302_17_11 4 400 37.7637 23.6577 0.0040708 37.8093 0.0134144 0.310562 -3516.38 93.115
250821-1302_17_12 4 400 37.76 23.6907 0.00188982 37.8045 0.0281942 0.151454 -3509.33 92.9379
250821-1302_17_1 4 400 37.7259 23.152 0.00629815 37.7888 0.0162996 0.649416 -3521.94 93.3561
250821-1302_17_13 4 400 37.7263 24.0243 0.00449868 37.7595 0.0233788 0.150962 -3519.59 93.2926
250821-1302_17_14 4 400 37.7118 23.4843 0.00449868 37.7633 0.0283995 0.123132 -3508.59 93.0367
250821-1302_17_15 4 400 37.7016 23.52 3.83737e-15 37.7519 0.0219297 0.739382 -3502.47 92.8998
250821-1302_17_16 4 400 37.7482 23.5864 0.00377964 37.7963 0.0242632 0.232615 -3515.01 93.1171
250821-1302_17_17 4 400 37.7121 23.967 0.00544671 37.7472 0.0188139 0.193902 -3540.07 93.8706
250821-1302_17_18 4 400 37.7172 23.6413 0.00499047 37.7634 0.0315378 0.0247391 -3508.36 93.0173
250821-1302_17_19 4 400 37.7122 23.3757 0.00607493 37.7675 0.0278333 0.0441752 -3532.39 93.6666
250821-1302_17_2 4 400 37.7507 23.5207 0.00188982 37.801 0.0162261 0.187138 -3515.49 93.1236
250821-1302_1_7 4 400 37.7544 23.0656 0.0061062 37.8202 0.0298252 0.0346526 -3518.76 93.2006
250821-1302_17_3 4 400 37.7556 23.5157 0.00534522 37.8061 0.02454 0.148492 -3506.95 92.8858
250821-1302_17_4 4 400 37.7238 23.2886 0.00626783 37.7819 0.0202643 0.0935064 -3498.44 92.7384
250821-1302_17_5 4 400 37.7021 23.1569 0.00414039 37.7648 0.0116159 1.46512 -3497.2 92.7587
250821-1302_17_6 4 400 37.7803 23.5329 0.0048795 37.8302 0.0120532 0.359796 -3542.6 93.7685
250821-1302_17_7 4 400 37.7172 23.3436 0.00475595 37.7736 0.0322555 0.105267 -3522.08 93.3807
250821-1302_17_8 4 400 37.756 23.4436 0.00626783 37.8089 0.016925 0.3931 -3530.92 93.5194
250821-1302_17_9 4 400 37.7859 23.7807 0.00534522 37.8273 0.0203293 0.323672 -3534.61 93.5429
250821-1302_18_0 4 400 37.7138 23.3271 0.00636209 37.7707 0.0294807 0.0767074 -3504.59 92.9254
250821-1302_18_10 4 400 37.7506 24.02 3.83737e-15 37.7839 0.0210149 0.259141 -3520.98 93.2695
250821-1302_18_11 4 400 37.7582 23.6599 0.00318479 37.8038 0.0211988 0.176478 -3510.73 92.9791
250821-1302_18_12 4 400 37.7185 23.7307 0.00188982 37.7616 0.0260371 0.1931 -3524.06 93.4305
250821-1302_18_1 4 400 37.7219 23.1636 0.00475595 37.7843 0.0127535 0.787303 -3531.53 93.6199
250821-1302_18_13 4 400 37.7533 24.0414 0.00690066 37.7858 0.0266997 0.0650416 -3522.82 93.3116
250821-1302_18_14 4 400 37.7297 23.5893 0.00188982 37.7777 0.0258569 0.114688 -3523.52 93.3878
250821-1302_18_15 4 400 37.734 23.5329 0.0048795 37.7839 0.024382 0.178096 -3521.78 93.3313
250821-1302_18_16 4 400 37.7692 23.6143 0.00449868 37.8163 0.0241452 0.100456 -3529.25 93.4418
250821-1302_18_17 4 400 37.7356 23.9834 0.00522357 37.7702 0.0240902 0.188704 -3538.36 93.7667
250821-1302_18_18 4 400 37.7014 23.8029 0.00393398 37.7421 0.0117221 0.534146 -3524.86 93.4939
250821-1302_18_19 4 400 37.7041 23.3897 0.00731925 37.7588 0.0291836 0.107402 -3538.32 93.8442
250821-1302_18_2 4 400 37.7301 23.2 3.83737e-15 37.7913 0.0163343 0.211672 -3528.43 93.5176
250821-1302_1_8 4 400 37.7695 23.5243 0.00607493 37.8197 0.0169384 0.137647 -3529.51 93.4486
250821-1302_18_3 4 400 37.7553 23.5236 0.00475595 37.8055 0.0304428 0.0696092 -3505.84 92.8561
250821-1302_18_4 4 400 37.747 23.2629 0.00636209 37.806 0.0173422 0.168855 -3512.31 93.0487
250821-1302_18_5 4 400 37.7466 23.1607 0.00188982 37.8091 0.0241373 0.223393 -3514.71 93.1136
250821-1302_18_6 4 400 37.7709 23.5964 0.00556349 37.8186 0.0161406 0.346972 -3532.72 93.5303
250821-1302_18_7 4 400 37.7287 23.3714 0.00852168 37.7841 0.0258227 0.11483 -3513.09 93.1144
250821-1302_18_8 4 400 37.7491 23.4436 0.00626783 37.8021 0.0286886 0.134981 -3520.64 93.2635
250821-1302_18_9 4 400 37.7615 23.7771 0.00393398 37.8031 0.0301029 0.110804 -3515.72 93.1024
250821-1302_19_0 4 400 37.7459 23.3414 0.00626783 37.8023 0.0229775 0.114 -3535.75 93.672
250821-1302_19_10 4 400 37.7599 24.025 0.00408248 37.793 0.0196331 0.209789 -3508.07 92.9046
250821-1302_19_11 4 400 37.7317 23.8126 0.00377964 37.7721 0.00926894 0.839124 -3507.02 92.9463
250821-1302_19_12 4 400 37.7301 23.7391 0.00719788 37.773 0.0247997 0.217162 -3529.04 93.5335
250821-1302_19_1 4 400 37.7638 23.1714 0.00556349 37.826 0.0105063 0.66155 -3520.73 93.2303
250821-1302_19_13 4 400 37.7541 23.9671 0.00393398 37.7892 0.0179147 0.198169 -3533.33 93.588
250821-1302_19_14 4 400 37.7434 23.6036 0.00690066 37.7909 0.0260473 0.204457 -3508.69 92.961
250821-1302_19_15 4 400 37.7148 23.5777 0.00884523 37.7632 0.0326345 0.0622158 -3491.81 92.5838
250821-1302_19_16 4 400 37.7749 23.6264 0.00475595 37.8216 0.0246153 0.0859999 -3518.53 93.1445
250821-1302_19_17 4 400 37.769 23.9769 0.00414039 37.8038 0.0256762 0.117463 -3540.94 93.7522
250821-1302_19_18 4 400 37.7263 23.8106 0.00151186 37.7667 0.0145615 0.329708 -3569.6 94.6183
250821-1302_19_19 4 400 37.7141 23.4077 0.0040708 37.7682 0.0218885 0.153779 -3515.98 93.227
250821-1302_19_2 4 400 37.7303 23.2 3.83737e-15 37.7915 0.0211716 0.285293 -3513.49 93.121
250821-1302_1_9 4 400 37.7351 23.634 0.00447214 37.7815 0.0110288 0.495666 -3514.9 93.1466
250821-1302_19_3 4 400 37.7651 23.5864 0.00475595 37.8132 0.0187535 0.238382 -3527.88 93.4163
250821-1302_19_4 4 400 37.7344 23.2707 0.00188982 37.7932 0.0204086 0.0959484 -3508.4 92.9759
250821-1302_19_5 4 400 37.7405 23.2079 0.00755929 37.8015 0.0272897 0.151275 -3513.02 93.0829
250821-1302_19_6 4 400 37.7686 23.6179 0.00859125 37.8156 0.017853 0.205348 -3532.14 93.5202
250821-1302_19_7 4 400 37.7255 23.4734 0.00472077 37.7774 0.0233092 0.0872876 -3516.03 93.2002
250821-1302_19_8 4 400 37.7348 23.45 3.83737e-15 37.7875 0.02597 0.0493 -3515.86 93.1729
250821-1302_19_9 4 400 37.7615 23.7914 0.00243975 37.8026 0.0214428 0.258272 -3520.02 93.2167
250821-1302_20_0 4 400 37.7244 23.45 3.83737e-15 37.7771 0.0308046 0.103045 -3510.88 93.066
250821-1302_20_10 4 400 37.7922 23.9977 0.0040708 37.8263 0.021449 0.12538 -3522.6 93.2094
250821-1302_20_11 4 400 37.7136 23.8236 0.00475595 37.7536 0.0207361 0.600399 -3507.2 92.9953
250821-1302_20_12 4 400 37.7714 23.7714 0.00377964 37.8131 0.0182089 0.746592 -3538.91 93.6928
250821-1302_20_1 4 400 37.7502 23.1836 0.00475595 37.8119 0.0243927 0.152419 -3507.96 92.9253
250821-1302_20_13 4 400 37.7264 23.9769 0.00414039 37.7612 0.0205711 0.11382 -3517.3 93.2316
250821-1302_20_14 4 400 37.7239 23.5507 0.00838082 37.7732 0.0250998 0.171141 -3509.62 93.034
250821-1302_20_15 4 400 37.7165 23.5929 0.00393398 37.7643 0.0115676 0.1037 -3503.97 92.9028
250821-1302_20_16 4 400 37.7647 23.6014 0.00556349 37.8123 0.0101028 0.420892 -3522.06 93.263
250821-1302_20_17 4 400 37.782 23.9821 0.00393398 37.8166 0.0279757 0.0823093 -3536.96 93.6148
250821-1302_20_18 4 400 37.777 23.7271 0.0048795 37.8203 0.0281498 0.104807 -3546.18 93.8711
250821-1302_20_19 4 400 37.7494 23.4214 0.00748013 37.8031 0.0183587 0.561927 -3535.49 93.6568
250821-1302_20_2 4 400 37.7581 23.2227 0.00561885 37.8186 0.0216442 0.151439 -3501.58 92.737
250821-1302_2_0 4 400 37.7301 23.0879 0.00393398 37.7951 0.0224968 0.177238 -3518.4 93.2514
250821-1302_20_3 4 400 37.7628 23.5979 0.00636209 37.8105 0.0185296 0.107068 -3516.77 93.1278
250821-1302_20_4 4 400 37.7464 23.4229 0.00566947 37.8 0.00841346 0.631852 -3515.5 93.1346
250821-1302_20_5 4 400 37.7378 23.224 0.00447214 37.7982 0.0290736 0.127764 -3507.8 92.9514
250821-1302_20_6 4 400 37.7539 23.5611 0.0019518 37.8028 0.024032 0.112484 -3523.11 93.3174
250821-1302_20_7 4 400 37.7224 23.4814 0.00377964 37.774 0.0327188 0.0636169 -3505.5 92.9283
250821-1302_20_8 4 400 37.7419 23.485 0.00408248 37.7934 0.0188409 0.154993 -3516.83 93.1809
250821-1302_20_9 4 400 37.7467 23.7957 0.00188982 37.7876 0.0300955 0.0966948 -3510.76 93.0081
250821-1302_2_10 4 400 37.7844 23.8593 0.00345033 37.8232 0.0110805 0.229715 -3519.99 93.1597
250821-1302_21_0 4 400 37.7199 23.4621 0.0048795 37.7722 0.0260309 0.144234 -3519.09 93.2955
250821-1302_21_10 4 400 37.7619 24.0021 0.00267261 37.7959 0.0205148 0.17199 -3526.31 93.3823
250821-1302_21_11 4 400 37.7027 23.7336 0.00475595 37.7457 0.034821 0.0518079 -3505.94 92.989
250821-1302_21_12 4 400 37.7897 23.7814 0.00556349 37.8312 0.00674849 1.40202 -3537.23 93.6028
250821-1302_2_11 4 400 37.6991 24.0179 0.00267261 37.7325 0.0262779 0.0572503 -3501.91 92.8907
250821-1302_21_1 4 400 37.6968 23.2234 0.00687646 37.7572 0.0250457 0.183868 -3505.75 92.9987
250821-1302_21_13 4 400 37.7509 23.1136 0.00475595 37.8151 0.0203781 0.135101 -3528.79 93.4751
250821-1302_21_14 4 400 37.7023 23.5656 0.0061062 37.7511 0.0290964 0.0476055 -3504.86 92.961
250821-1302_21_15 4 400 37.7332 23.562 0.00382971 37.7821 0.0187216 0.032434 -3511.55 93.0624
250821-1302_21_16 4 400 37.7585 23.6129 0.00636209 37.8057 0.0286716 0.0583541 -3524.57 93.3445
250821-1302_21_17 4 400 37.7826 24.04 0.00957427 37.8152 0.0233111 0.269759 -3533.31 93.5169
250821-1302_21_18 4 400 37.7222 23.7377 0.00740977 37.7651 0.025781 0.137865 -3551.52 94.1495
250821-1302_21_19 4 400 37.7582 23.4321 0.0099403 37.8116 0.0186685 0.797686 -3519.05 93.1996
250821-1302_2_12 4 400 37.7162 23.7921 0.00698638 37.7573 0.0275175 0.0853754 -3518.04 93.2765
250821-1302_21_2 4 400 37.7246 23.2314 0.00377964 37.7848 0.0238734 0.246175 -3505.65 92.9267
250821-1302_2_1 4 400 37.732 23.4921 0.00809174 37.7832 0.0187693 0.0947396 -3521.17 93.3206
250821-1302_2_13 4 400 37.7599 23.8243 0.00534522 37.7999 0.0140778 0.280033 -3533.43 93.576
250821-1302_21_3 4 400 37.7532 23.5857 0.00449868 37.8013 0.0215556 0.252319 -3538.39 93.7243
250821-1302_2_14 4 400 37.7448 23.1569 0.00414039 37.8075 0.021995 0.314824 -3536.36 93.691
250821-1302_21_4 4 400 37.7537 23.4429 0.00755929 37.8067 0.00981418 0.671306 -3539.25 93.7456
250821-1302_2_15 4 400 37.7273 23.6657 0.00607493 37.7726 0.0148247 0.471955 -3529.22 93.5455
250821-1302_21_5 4 400 37.7291 23.2657 0.00449868 37.788 0.0193102 0.622127 -3510.21 93.0372
250821-1302_2_16 4 400 37.7534 23.6629 0.00393398 37.7989 0.0284508 0.0744809 -3526.35 93.4045
250821-1302_21_6 4 400 37.7767 23.5693 0.00672593 37.8254 0.0178869 0.362663 -3536.86 93.6252
250821-1302_2_17 4 400 37.7576 23.7321 0.00393398 37.8008 0.0120567 1.13442 -3539.28 93.7368
250821-1302_21_7 4 400 37.7387 23.4207 0.00838082 37.7924 0.0233442 0.097249 -3505.33 92.8839
250821-1302_2_18 4 400 37.7862 23.45 3.83737e-15 37.8389 0.0182206 0.162232 -3534.46 93.5381
250821-1302_21_8 4 400 37.7539 23.4997 0.00731925 37.8049 0.0183069 0.469801 -3530.31 93.5086
250821-1302_2_19 4 400 37.7558 23.8064 0.00377964 37.7964 0.0323632 0.0373759 -3517.41 93.1616
250821-1302_21_9 4 400 37.7536 23.7707 0.00188982 37.7954 0.00897805 1.72471 -3528.43 93.4596
250821-1302_22_0 4 400 37.766 23.3941 0.00633584 37.8206 0.0304074 0.102346 -3505.73 92.8272
250821-1302_22_10 4 400 37.7519 24.0674 0.00660447 37.7836 0.0126926 0.205824 -3513.85 93.0774
250821-1302_22_11 4 400 37.7042 23.752 0.00424264 37.7466 0.0193628 0.0774255 -3523.46 93.4497
250821-1302_22_12 4 400 37.7758 23.7771 0.00566947 37.8174 0.0177218 0.751048 -3524.24 93.2937
250821-1302_22_1 4 400 37.7045 23.2384 0.00454082 37.7644 0.0226036 0.150835 -3499.51 92.8139
250821-1302_22_13 4 400 37.7395 23.1257 0.00345033 37.8032 0.029107 0.218738 -3507.92 92.9506
250821-1302_22_14 4 400 37.6931 23.634 0.00447214 37.7396 0.0115066 0.235733 -3519.2 93.3644
250821-1302_22_15 4 400 37.7426 23.5771 0.0048795 37.7909 0.0250923 0.0519458 -3516.29 93.1646
250821-1302_22_16 4 400 37.7264 23.6629 0.00393398 37.7719 0.0254654 0.0892725 -3521.82 93.3509
250821-1302_22_17 4 400 37.747 24.0571 0.00393398 37.7791 0.0201631 0.0808693 -3519.82 93.2478
250821-1302_22_18 4 400 37.7014 23.8429 0.00393398 37.7407 0.017534 0.121613 -3531.01 93.6572
250821-1302_22_19 4 400 37.7674 23.4479 0.00393398 37.8202 0.0258921 0.0605024 -3520.5 93.2151
250821-1302_22_2 4 400 37.7538 23.2164 0.00475595 37.8145 0.0166374 0.889531 -3524.69 93.3597
250821-1302_2_2 4 400 37.7452 23.3764 0.00475595 37.8004 0.00568818 0.988752 -3528.19 93.4738
250821-1302_22_3 4 400 37.7714 23.59 0 37.8194 0.0190596 0.17497 -3538.89 93.6919
250821-1302_22_4 4 400 37.7699 23.3557 0.00731925 37.8258 0.0248677 0.0581428 -3535.13 93.5962
250821-1302_22_5 4 400 37.767 23.2721 0.00267261 37.8257 0.0127086 0.442078 -3538.8 93.7008
250821-1302_22_6 4 400 37.741 23.0257 0.00345033 37.8081 0.0294122 0.0975755 -3510.94 93.0271
250821-1302_22_7 4 400 37.7602 23.4464 0.00556349 37.813 0.026661 0.119213 -3513.79 93.0556
250821-1302_22_8 4 400 37.7302 23.4697 0.00368394 37.7822 0.0227857 0.117396 -3509.74 93.0218
250821-1302_22_9 4 400 37.7533 23.7707 0.00188982 37.7951 0.023625 0.182825 -3524.58 93.3582
250821-1302_2_3 4 400 37.7408 23.2786 0.00475595 37.7993 0.0288285 0.0895278 -3505.29 92.8778
250821-1302_2_4 4 400 37.7645 23.6193 0.00449868 37.8114 0.0215231 0.201789 -3508.51 92.9046
250821-1302_2_5 4 400 37.7489 23.4864 0.00377964 37.8004 0.0274141 0.155473 -3512.25 93.0422
250821-1302_2_6 4 400 37.719 23.3147 0.00579409 37.7763 0.0200482 0.106105 -3499.86 92.7871
250821-1302_2_7 4 400 37.7565 23.0836 0.00852168 37.8216 0.0226829 0.127231 -3508.51 92.9247
250821-1302_2_8 4 400 37.7602 23.5027 0.00515475 37.8111 0.0193093 0.14618 -3529.43 93.4694
250821-1302_2_9 4 400 37.7596 23.6464 0.00475595 37.8057 0.0107584 1.0034 -3523.54 93.315
250821-1302_3_0 4 400 37.7377 23.0964 0.00556349 37.8024 0.0314008 0.195182 -3527.66 93.4775
250821-1302_3_10 4 400 37.7732 23.8657 0.00188982 37.8118 0.0196183 0.425924 -3524.88 93.3166
250821-1302_3_11 4 400 37.7139 23.5129 0.00393398 37.7644 0.0221448 0.259323 -3524.38 93.4505
250821-1302_3_12 4 400 37.7444 23.8064 0.00475595 37.785 0.0277404 0.0971018 -3508.82 92.9626
250821-1302_3_1 4 400 37.7698 23.4814 0.00243975 37.8215 0.0187813 0.2274 -3544.3 93.8393
250821-1302_3_13 4 400 37.7442 23.7936 0.00243975 37.7852 0.0158624 0.127592 -3522.96 93.3377
250821-1302_3_14 4 400 37.7225 23.1679 0.00566947 37.7848 0.0244915 0.270027 -3518.29 93.2678
250821-1302_3_15 4 400 37.7428 23.7241 0.00837513 37.7862 0.0147369 0.476384 -3525.97 93.4207
250821-1302_3_16 4 400 37.7282 23.6829 0.00809174 37.7729 0.0367892 0.0751895 -3520.22 93.3041
250821-1302_3_17 4 400 37.7333 23.7299 0.00318479 37.7765 0.026418 0.150028 -3503.99 92.8617
250821-1302_3_18 4 400 37.791 23.4507 0.00188982 37.8437 0.0229984 0.0939032 -3530.19 93.4133
250821-1302_3_19 4 400 37.7801 23.865 0.00707107 37.8187 0.0180948 0.166471 -3527.7 93.3743
250821-1302_3_2 4 400 37.7306 23.3913 0.00499047 37.7853 0.0232282 0.165247 -3521.51 93.3331
250821-1302_3_3 4 400 37.746 23.3279 0.00393398 37.8028 0.0139865 0.263451 -3510.73 93.0093
250821-1302_3_4 4 400 37.7661 23.6293 0.00188982 37.8127 0.0153107 0.510476 -3525.96 93.3632
250821-1302_3_5 4 400 37.7618 23.4186 0.00556349 37.8156 0.0196112 0.147494 -3512.04 93.0048
250821-1302_3_6 4 400 37.7139 23.3321 0.00566947 37.7706 0.0225794 0.270966 -3509.03 93.043
250821-1302_3_7 4 400 37.7167 23.062 0.00382971 37.7826 0.0125937 1.40922 -3488.62 92.4951
250821-1302_3_8 4 400 37.7654 23.5164 0.00475595 37.8158 0.0189595 0.1358 -3533.52 93.5647
250821-1302_3_9 4 400 37.7729 23.562 0.00382971 37.8217 0.0303605 0.0954861 -3524.2 93.2994
250821-1302_4_0 4 400 37.7386 23.0871 0.00267261 37.8037 0.0114435 0.0481452 -3531.95 93.5898
250821-1302_4_10 4 400 37.7419 23.8593 0.00188982 37.7807 0.0157023 1.00715 -3510.43 93.0112
250821-1302_4_11 4 400 37.684 23.5171 0.00393398 37.7344 0.0220144 0.164781 -3512.28 93.2033
250821-1302_4_12 4 400 37.7576 23.8557 0.00449868 37.7965 0.0131761 0.441877 -3528.76 93.4582
250821-1302_4_1 4 400 37.7501 23.4943 0.00534522 37.8013 0.0114995 0.296407 -3543.07 93.8558
250821-1302_4_13 4 400 37.7257 23.7964 0.00556349 37.7666 0.0214471 0.252758 -3520.41 93.3158
250821-1302_4_14 4 400 37.7081 23.2277 0.0040708 37.7684 0.0205541 0.278279 -3525.6 93.4969
250821-1302_4_15 4 400 37.7556 23.7484 0.0095194 37.7981 0.0153921 0.465678 -3530.05 93.4973
250821-1302_4_16 4 400 37.7014 23.7829 0.00267261 37.7428 0.0238208 0.221826 -3511.63 93.1429
250821-1302_4_17 4 400 37.769 23.7329 0.00393398 37.8121 0.022712 0.192554 -3524.64 93.3209
250821-1302_4_18 4 400 37.7625 23.4821 0.00393398 37.8141 0.0249511 0.0824323 -3524.03 93.3208
250821-1302_4_19 4 400 37.7956 23.8797 0.00368394 37.8337 0.0234978 0.181605 -3534.85 93.5254
250821-1302_4_2 4 400 37.7382 23.3134 0.00472077 37.7956 0.0298042 0.0849959 -3517.83 93.2164
250821-1302_4_3 4 400 37.7735 23.3393 0.00188982 37.83 0.0117871 1.91774 -3533.51 93.5446
250821-1302_4_4 4 400 37.7289 23.05 0.00408248 37.7952 0.031991 0.110478 -3501.92 92.8183
250821-1302_4_5 4 400 37.753 23.4436 0.00748013 37.806 0.0253497 0.0963753 -3510.44 92.9841
250821-1302_4_6 4 400 37.7234 23.3014 0.00475595 37.7812 0.0133412 0.292665 -3529.68 93.5671
250821-1302_4_7 4 400 37.7526 23.0771 0.00393398 37.818 0.0183322 0.155278 -3529.15 93.4809
250821-1302_4_8 4 400 37.7718 23.5914 0.00377964 37.8197 0.0131804 0.443056 -3531.18 93.4869
250821-1302_4_9 4 400 37.7576 23.5771 0.00566947 37.806 0.0311685 0.043315 -3512.44 93.0257
250821-1302_5_0 4 400 37.738 23.0907 0.00188982 37.8029 0.0303119 0.166413 -3528.61 93.5025
250821-1302_5_10 4 400 37.7385 23.8607 0.00188982 37.7772 0.0282564 0.0768603 -3510 93.008
250821-1302_5_11 4 400 37.7063 23.535 0.00408248 37.7561 0.0185948 0.272063 -3519.73 93.3457
250821-1302_5_12 4 400 37.7835 23.875 0.00408248 37.8217 0.0160762 0.202679 -3528.31 93.3822
250821-1302_5_1 4 400 37.7733 23.5564 0.00475595 37.8224 0.0180687 0.548166 -3555.57 94.1289
250821-1302_5_13 4 400 37.6859 23.9429 0.00393398 37.7219 0.00748447 0.513807 -3505.14 93.0091
250821-1302_5_14 4 400 37.6858 23.2484 0.00907115 37.7453 0.0211673 0.144141 -3511.51 93.1783
250821-1302_5_15 4 400 37.7649 23.7057 0.00607493 37.8089 0.0173274 0.0824582 -3527.25 93.4001
250821-1302_5_16 4 400 37.7173 23.8007 0.00607493 37.7581 0.0330884 0.0671699 -3507.84 93.0031
250821-1302_5_17 4 400 37.7714 23.7729 0.00393398 37.8131 0.0244693 0.0977421 -3514.44 93.0445
250821-1302_5_18 4 400 37.7393 23.4926 0.00626783 37.7906 0.0341754 0.144229 -3533.27 93.622
250821-1302_5_19 4 400 37.7832 23.8593 0.00449868 37.822 0.0265039 0.0451625 -3522.57 93.2307
250821-1302_5_2 4 400 37.7181 23.3336 0.00748013 37.7748 0.0341582 0.0466557 -3511.25 93.0908
250821-1302_5_3 4 400 37.7519 23.335 0.005 37.8085 0.024418 0.600898 -3525.75 93.3926
250821-1302_5_4 4 400 37.7101 23.0593 0.00188982 37.7761 0.0247828 0.0662855 -3483.66 92.3799
250821-1302_5_5 4 400 37.7635 23.5034 0.00582687 37.8144 0.0241359 0.25389 -3519.23 93.1912
250821-1302_5_6 4 400 37.7531 23.31 0 37.8105 0.0211343 0.151408 -3512.86 93.0482
250821-1302_5_7 4 400 37.74 23.1329 0.0048795 37.8035 0.0181174 0.282498 -3521.35 93.3055
250821-1302_5_8 4 400 37.7665 23.6157 0.010177 37.8135 0.023634 0.151655 -3514.63 93.0618
250821-1302_5_9 4 400 37.7515 23.6779 0.0048795 37.7965 0.0226999 0.122836 -3515.58 93.1239
250821-1302_6_0 4 400 37.7167 23.1361 0.00566947 37.7801 0.0198763 0.170979 -3516.17 93.2255
250821-1302_6_10 4 400 37.7446 23.8854 0.00457738 37.7825 0.0113441 0.188065 -3522.71 93.3301
250821-1302_6_11 4 400 37.72 23.5471 0.0048795 37.7694 0.0245789 0.112827 -3513.65 93.1504
250821-1302_6_12 4 400 37.7577 23.8536 0.00556349 37.7967 0.0197612 0.0960236 -3514.63 93.0838
250821-1302_6_1 4 400 37.7393 23.5683 0.00817953 37.788 0.0175931 0.128348 -3523.6 93.3666
250821-1302_6_13 4 400 37.7274 23.95 3.83737e-15 37.7631 0.0238453 0.232772 -3525.12 93.4363
250821-1302_6_14 4 400 37.6822 23.275 0.0057735 37.7408 0.0195764 0.527188 -3510.12 93.1504
250821-1302_6_15 4 400 37.7755 23.7213 0.00740977 37.819 0.0176266 0.157756 -3535.56 93.5938
250821-1302_6_16 4 400 37.79 23.7327 0.00531395 37.8331 0.0243918 0.175489 -3529.32 93.3928
250821-1302_6_17 4 400 37.7763 23.7886 0.00475595 37.8175 0.0230014 0.29635 -3519.75 93.1733
250821-1302_6_18 4 400 37.7011 23.4769 0.00414039 37.7529 0.0175133 0.560059 -3533.28 93.7182
250821-1302_6_19 4 400 37.7615 23.8721 0.0048795 37.7998 0.0168891 0.0933291 -3525.92 93.3734
250821-1302_6_2 4 400 37.7469 23.4364 0.00690066 37.8001 0.0324971 0.0506438 -3503.65 92.8191
250821-1302_6_3 4 400 37.7783 23.34 0 37.8348 0.0238408 0.159437 -3534.59 93.5608
250821-1302_6_4 4 400 37.7428 23.0871 0.00393398 37.8078 0.0277552 0.096896 -3501.54 92.7733
250821-1302_6_5 4 400 37.7592 23.5193 0.00188982 37.8096 0.0163771 0.128374 -3512.95 93.0354
250821-1302_6_6 4 400 37.7261 23.46 0.00408248 37.7784 0.0111529 1.06004 -3500.97 92.7998
250821-1302_6_7 4 400 37.7255 23.15 0.00763763 37.7884 0.0240312 0.0947733 -3515.01 93.1727
250821-1302_6_8 4 400 37.7305 23.5564 0.00475595 37.7796 0.0180214 0.25244 -3526.86 93.4747
250821-1302_6_9 4 400 37.7181 23.69 0.00408248 37.7626 0.0370991 0.0654515 -3499.75 92.7867
250821-1302_7_0 4 400 37.7054 23.1527 0.00561885 37.7682 0.0277927 0.0584506 -3522.69 93.4266
250821-1302_7_10 4 400 37.7327 23.8929 0.00393398 37.7704 0.021776 0.222017 -3513.55 93.1165
250821-1302_7_11 4 400 37.7194 23.5214 0.00243975 37.7697 0.0181796 0.95484 -3505.57 92.9376
250821-1302_7_12 4 400 37.7534 23.8621 0.0048795 37.7921 0.0253405 0.209786 -3520.09 93.2391
250821-1302_7_1 4 400 37.763 23.5221 0.00393398 37.8132 0.0156028 0.23015 -3526.27 93.3788
250821-1302_7_13 4 400 37.7481 23.8586 0.00556349 37.7869 0.0240926 0.140373 -3523.81 93.3499
250821-1302_7_14 4 400 37.6989 23.3 0.00707107 37.7567 0.0167082 0.473403 -3521.37 93.4075
250821-1302_7_15 4 400 37.7594 23.3457 0.00534522 37.8157 0.0197275 0.170476 -3525.91 93.378
250821-1302_7_16 4 400 37.7765 23.7534 0.0100309 37.8189 0.0235969 0.0664529 -3516.37 93.0836
250821-1302_7_17 4 400 37.7798 23.7579 0.00393398 37.8221 0.0251562 0.0832748 -3518.99 93.1442
250821-1302_7_18 4 400 37.694 23.4814 0.00243975 37.7457 0.0225864 0.149442 -3515.17 93.2552
250821-1302_7_19 4 400 37.7539 23.9371 0.0095119 37.79 0.0172342 0.513554 -3540.76 93.785
250821-1302_7_2 4 400 37.7276 23.45 3.83737e-15 37.7803 0.0297925 0.0932379 -3508.75 93.002
250821-1302_7_3 4 400 37.754 23.3791 0.00429839 37.8091 0.0132902 0.248054 -3510.98 92.9962
250821-1302_7_4 4 400 37.7488 23.0979 0.0048795 37.8135 0.0235889 0.17166 -3510.67 93.0007
250821-1302_7_5 4 400 37.7648 23.4886 0.00243975 37.8162 0.0235819 0.163439 -3518.97 93.181
250821-1302_7_6 4 400 37.7543 23.4737 0.00335233 37.8062 0.0113536 0.764848 -3543.27 93.8506
250821-1302_7_7 4 400 37.7453 23.1864 0.00475595 37.8069 0.0112622 0.696331 -3536.13 93.6841
250821-1302_7_8 4 400 37.76 23.562 0.00382971 37.8089 0.0207176 0.343553 -3522.41 93.284
250821-1302_7_9 4 400 37.733 23.6257 0.00534522 37.7797 0.0263519 0.18564 -3508.11 92.9717
250821-1302_8_0 4 400 37.7152 23.1943 0.00449868 37.7766 0.0103292 0.80192 -3528.69 93.5614
250821-1302_8_10 4 400 37.7321 23.8557 0.00345033 37.771 0.0152186 0.0971409 -3521.91 93.3399
250821-1302_8_11 4 400 37.7308 23.5243 0.00345033 37.781 0.0221639 0.0717919 -3502.53 92.8293
250821-1302_8_12 4 400 37.7545 23.9221 0.00636209 37.7911 0.0204461 0.305239 -3522.76 93.307
250821-1302_8_1 4 400 37.7542 23.5321 0.00267261 37.8041 0.0171472 0.421609 -3525.86 93.3895
250821-1302_8_13 4 400 37.7726 23.8764 0.00475595 37.8108 0.0332037 0.0915293 -3521.22 93.221
250821-1302_8_14 4 400 37.6629 23.3043 0.00449868 37.7205 0.0279591 0.38718 -3492.99 92.7429
250821-1302_8_15 4 400 37.6889 23.3536 0.00475595 37.7449 0.0281703 0.141011 -3501.45 92.9037
250821-1302_8_16 4 400 37.7745 23.8156 0.0061062 37.8148 0.0270356 0.0711382 -3517.63 93.1214
250821-1302_8_17 4 400 37.7919 23.7629 0.00393398 37.834 0.017469 0.278891 -3527.21 93.3323
250821-1302_8_18 4 400 37.7224 23.5364 0.00690066 37.7721 0.0253652 0.140657 -3522.11 93.3694
250821-1302_8_19 4 400 37.7578 23.9521 0.00393398 37.7935 0.0127998 0.287836 -3537.75 93.6957
250821-1302_8_2 4 400 37.7515 23.3833 0.00549892 37.8065 0.0201203 0.249598 -3513.52 93.069
250821-1302_8_3 4 400 37.7738 23.3904 0.00571131 37.8285 0.0198602 0.171217 -3529.28 93.4317
250821-1302_8_4 4 400 37.7047 23.0857 0.00449868 37.7698 0.00779847 0.842643 -3504.18 92.9376
250821-1302_8_5 4 400 37.7771 23.5034 0.00582687 37.828 0.0205349 0.188484 -3524.9 93.3075
250821-1302_8_6 4 400 37.7489 23.3899 0.00659365 37.8036 0.0257587 0.136428 -3522.75 93.3205
250821-1302_8_7 4 400 37.7338 23.2 0.00288675 37.795 0.0113677 1.54953 -3529.2 93.529
250821-1302_8_8 4 400 37.7404 23.3 0.00408248 37.7982 0.0286826 0.127142 -3525.62 93.4174
250821-1302_8_9 4 400 37.7238 23.6371 0.00755929 37.7701 0.0213971 0.0537174 -3508.14 92.995
250821-1302_9_0 4 400 37.728 23.2029 0.00393398 37.7891 0.0154065 0.290761 -3519.49 93.286
250821-1302_9_10 4 400 37.7166 23.8579 0.00267261 37.7554 0.0188676 0.137183 -3509.27 93.0431
250821-1302_9_11 4 400 37.7472 23.5779 0.0048795 37.7956 0.0224467 0.102523 -3521.2 93.2834
250821-1302_9_12 4 400 37.7572 23.9407 0.00838082 37.7932 0.016042 0.0741945 -3523.42 93.3175
250821-1302_9_1 4 400 37.7269 22.9983 0.0029277 37.795 0.0280451 0.0910226 -3506.04 92.9316
250821-1302_9_13 4 400 37.7647 23.9691 0.00318479 37.7998 0.022367 0.38425 -3521.03 93.2359
250821-1302_9_14 4 400 37.6897 23.3129 0.0048795 37.747 0.0189185 0.327544 -3501.28 92.8974
250821-1302_9_15 4 400 37.6994 23.3857 0.00786796 37.7543 0.0319411 0.0904193 -3502.99 92.9184
250821-1302_9_16 4 400 37.782 23.835 0.0057735 37.8216 0.0158867 0.120614 -3535.81 93.5844
250821-1302_9_17 4 400 37.7913 23.9143 0.00534522 37.8282 0.0109811 1.19684 -3532.73 93.4799
250821-1302_9_18 4 400 37.7251 23.5529 0.00698638 37.7743 0.0235664 0.206668 -3529.02 93.5457
250821-1302_9_19 4 400 37.7001 23.8957 0.00449868 37.7376 0.0249977 0.0862372 -3534.2 93.7449
250821-1302_9_2 4 400 37.7494 23.4033 0.00797317 37.8037 0.0297388 0.0629959 -3527.72 93.4506
250821-1302_9_3 4 400 37.7604 23.3564 0.00475595 37.8162 0.019067 0.330404 -3527.43 93.416
250821-1302_9_4 4 400 37.7365 23.0907 0.00188982 37.8014 0.027706 0.124354 -3512.02 93.067
250821-1302_9_5 4 400 37.752 23.5836 0.00690066 37.8002 0.0177795 0.616734 -3499.77 92.7041
250821-1302_9_6 4 400 37.7706 23.4074 0.00320713 37.8247 0.025151 0.249467 -3545.19 93.8611
250821-1302_9_7 4 400 37.7048 23.2043 0.00449868 37.7659 0.0224637 0.543521 -3504.74 92.9516
250821-1302_9_8 4 400 37.7273 23.3043 0.00345033 37.7849 0.0216367 0.285909 -3516.92 93.2195
250821-1302_9_9 4 400 37.7291 23.7 3.83737e-15 37.7733 0.0132054 0.47844 -3529.39 93.5456
