250821-1303 250821-1303_0_0 1760291135 50 1.000 0.000 5.000 0.000 7.000 0.000 5.000 0.100 0.000 0.000 0.000 0.000 0.000 0.000 0.000 0.000 
250821-1303 250821-1303_0_0 23.055 0.014 38.2837 38.3498 0.4 8.8 23.09 109.16 
250821-1303 250821-1303_0_1 23.090 0.006 38.3103 38.3741 0.2 10.2 23.21 109.30 
250821-1303 250821-1303_0_2 23.531 0.012 38.2971 38.3462 0.8 12.4 23.58 107.35 
250821-1303 250821-1303_0_3 23.629 0.018 38.3181 38.3647 0.3 11.1 23.65 108.30 
250821-1303 250821-1303_0_4 23.648 0.027 38.3185 38.3597 0.9 10.4 23.83 111.39 
250821-1303 250821-1303_0_5 23.539 0.031 38.3147 38.3611 0.2 9.9 23.67 112.59 
250821-1303 250821-1303_0_6 23.418 0.007 38.3040 38.3573 0.9 9.5 23.46 109.12 
250821-1303 250821-1303_0_7 23.086 0.020 38.3057 38.3707 0.2 10.5 23.12 111.24 
250821-1303 250821-1303_0_8 23.117 0.024 38.2565 38.3186 0.6 11.7 23.29 110.42 
250821-1303 250821-1303_0_9 23.297 0.010 38.2516 38.3089 0.9 11.8 23.36 109.35 
250821-1303 250821-1303_0_10 23.375 0.008 38.3233 38.3785 0.2 9.8 23.39 111.59 
250821-1303 250821-1303_0_11 23.375 0.031 38.3268 38.3794 0.9 10.4 23.53 108.98 
250821-1303 250821-1303_0_12 23.523 0.036 38.2949 38.3392 0.1 13.3 23.75 108.02 
250821-1303 250821-1303_0_13 23.148 0.000 38.2868 38.3498 0.8 17.9 23.20 110.25 
250821-1303 250821-1303_0_14 23.336 0.000 38.2720 38.3285 0.2 12.3 23.36 107.29 
250821-1303 250821-1303_0_15 23.344 0.023 38.2817 38.3357 0.8 10.5 23.52 107.59 
250821-1303 250821-1303_0_16 23.398 0.027 38.2943 38.3447 0.3 11.9 23.59 111.89 
250821-1303 250821-1303_0_17 23.219 0.003 38.2906 38.3512 0.2 10.9 23.26 111.74 
250821-1303 250821-1303_0_18 23.242 0.007 38.3236 38.3816 0.9 11.7 23.38 110.27 
250821-1303 250821-1303_0_19 23.539 0.037 38.3117 38.3560 0.2 11.0 23.74 110.74 
250821-1303 250821-1303_1_0 23.055 0.015 38.3153 38.3814 0.3 10.6 23.09 109.19 
250821-1303 250821-1303_1_1 23.078 0.024 38.2788 38.3417 0.6 9.2 23.27 108.34 
250821-1303 250821-1303_1_2 23.531 0.016 38.2900 38.3389 0.8 12.2 23.59 106.54 
250821-1303 250821-1303_1_3 23.652 0.005 38.3212 38.3670 0.2 9.7 23.66 109.87 
250821-1303 250821-1303_1_4 23.648 0.030 38.3139 38.3549 0.9 10.5 23.83 111.44 
250821-1303 250821-1303_1_5 23.527 0.053 38.3278 38.3711 0.2 9.6 23.76 112.35 
250821-1303 250821-1303_1_6 23.418 0.007 38.2585 38.3119 0.9 10.9 23.45 110.78 
250821-1303 250821-1303_1_7 23.098 0.005 38.2706 38.3353 0.2 9.9 23.14 111.12 
250821-1303 250821-1303_1_8 23.113 0.026 38.2612 38.3232 0.8 11.8 23.29 110.76 
250821-1303 250821-1303_1_9 23.289 0.031 38.2296 38.2835 0.2 14.2 23.48 108.87 
250821-1303 250821-1303_1_10 23.375 0.008 38.3455 38.4007 0.1 11.9 23.40 111.69 
250821-1303 250821-1303_1_11 23.383 0.014 38.3089 38.3624 0.9 13.2 23.50 110.67 
250821-1303 250821-1303_1_12 23.520 0.037 38.3028 38.3472 0.2 12.5 23.76 106.77 
250821-1303 250821-1303_1_13 23.141 0.024 38.3073 38.3689 0.9 13.8 23.23 106.88 
250821-1303 250821-1303_1_14 23.332 0.003 38.2756 38.3323 0.2 13.3 23.36 108.41 
250821-1303 250821-1303_1_15 23.352 0.008 38.3152 38.3698 0.8 11.7 23.48 106.27 
250821-1303 250821-1303_1_16 23.391 0.031 38.3066 38.3569 0.2 14.0 23.59 113.33 
250821-1303 250821-1303_1_17 23.219 0.015 38.2774 38.3369 0.6 9.3 23.30 113.32 
250821-1303 250821-1303_1_18 23.242 0.007 38.3247 38.3827 0.9 11.0 23.38 110.18 
250821-1303 250821-1303_1_19 23.547 0.015 38.2606 38.3077 0.2 12.4 23.66 110.34 
250821-1303 250821-1303_2_0 23.055 0.003 38.2987 38.3648 0.2 10.4 23.10 110.63 
250821-1303 250821-1303_2_1 23.078 0.024 38.3099 38.3726 0.7 9.8 23.27 107.30 
250821-1303 250821-1303_2_2 23.520 0.037 38.2707 38.3159 0.2 11.1 23.73 105.55 
250821-1303 250821-1303_2_3 23.652 0.003 38.3313 38.3772 0.2 10.3 23.66 109.55 
250821-1303 250821-1303_2_4 23.664 0.012 38.3019 38.3440 0.9 10.2 23.78 111.38 
250821-1303 250821-1303_2_5 23.523 0.055 38.3246 38.3681 0.2 11.0 23.76 112.40 
250821-1303 250821-1303_2_6 23.410 0.030 38.2648 38.3169 0.9 10.7 23.48 111.16 
250821-1303 250821-1303_2_7 23.098 0.005 38.2796 38.3443 0.2 9.6 23.14 111.37 
250821-1303 250821-1303_2_8 23.125 0.008 38.3058 38.3685 0.8 10.6 23.27 111.55 
250821-1303 250821-1303_2_9 23.289 0.031 38.2455 38.2995 0.2 13.9 23.49 106.08 
250821-1303 250821-1303_2_10 23.371 0.022 38.3207 38.3746 0.6 10.6 23.45 111.56 
250821-1303 250821-1303_2_11 23.383 0.011 38.3160 38.3694 0.9 10.1 23.50 111.45 
250821-1303 250821-1303_2_12 23.531 0.012 38.3314 38.3787 0.2 10.6 23.66 106.41 
250821-1303 250821-1303_2_13 23.148 0.018 38.2737 38.3355 0.9 10.7 23.23 109.64 
250821-1303 250821-1303_2_14 23.332 0.016 38.2687 38.3255 0.2 10.9 23.35 109.54 
250821-1303 250821-1303_2_15 23.355 0.006 38.2917 38.3463 0.8 11.6 23.48 107.47 
250821-1303 250821-1303_2_16 23.402 0.014 38.3143 38.3670 0.1 11.0 23.51 110.33 
250821-1303 250821-1303_2_17 23.219 0.014 38.2892 38.3489 0.8 10.9 23.30 115.56 
250821-1303 250821-1303_2_18 23.531 0.036 38.3035 38.3534 0.5 10.1 23.55 110.39 
250821-1303 250821-1303_2_19 23.547 0.018 38.3192 38.3664 0.2 12.1 23.66 110.58 
250821-1303 250821-1303_3_0 23.062 0.000 38.2712 38.3370 0.2 10.6 23.11 110.21 
250821-1303 250821-1303_3_1 23.094 0.004 38.3022 38.3656 0.8 9.9 23.23 106.74 
250821-1303 250821-1303_3_2 23.523 0.036 38.3103 38.3553 0.2 11.4 23.73 105.69 
250821-1303 250821-1303_3_3 23.637 0.018 38.3213 38.3664 0.6 10.2 23.70 109.49 
250821-1303 250821-1303_3_4 23.664 0.008 38.2922 38.3342 0.9 9.4 23.79 111.22 
250821-1303 250821-1303_3_5 23.547 0.027 38.3327 38.3788 0.2 11.2 23.67 113.56 
250821-1303 250821-1303_3_6 23.410 0.028 38.2771 38.3293 0.9 12.2 23.48 111.30 
250821-1303 250821-1303_3_7 23.086 0.024 38.2428 38.3079 0.2 12.3 23.13 112.21 
250821-1303 250821-1303_3_8 23.133 0.006 38.2920 38.3546 0.9 9.3 23.27 111.68 
250821-1303 250821-1303_3_9 23.301 0.014 38.3196 38.3759 0.0 11.9 23.41 111.23 
250821-1303 250821-1303_3_10 23.363 0.026 38.2703 38.3242 0.8 10.8 23.45 107.87 
250821-1303 250821-1303_3_11 23.504 0.033 38.3130 38.3638 0.5 10.9 23.53 111.81 
250821-1303 250821-1303_3_12 23.531 0.014 38.3411 38.3883 0.2 12.9 23.66 105.46 
250821-1303 250821-1303_3_13 23.148 0.004 38.3006 38.3633 0.9 10.8 23.20 110.76 
250821-1303 250821-1303_3_14 23.332 0.016 38.2981 38.3548 0.1 10.3 23.35 110.32 
250821-1303 250821-1303_3_15 23.344 0.027 38.2718 38.3251 0.9 11.1 23.52 108.44 
250821-1303 250821-1303_3_16 23.406 0.012 38.3270 38.3794 0.2 10.4 23.51 110.20 
250821-1303 250821-1303_3_17 23.227 0.004 38.2753 38.3359 0.8 10.2 23.27 110.05 
250821-1303 250821-1303_3_18 23.527 0.036 38.2837 38.3338 0.2 10.2 23.54 112.23 
250821-1303 250821-1303_3_19 23.539 0.037 38.2829 38.3295 0.6 10.3 23.70 111.99 
250821-1303 250821-1303_4_0 23.055 0.015 38.2786 38.3448 0.2 11.9 23.10 107.95 
250821-1303 250821-1303_4_1 23.098 0.003 38.3122 38.3754 0.8 10.2 23.23 108.14 
250821-1303 250821-1303_4_2 23.531 0.016 38.2813 38.3290 0.1 9.9 23.65 105.84 
250821-1303 250821-1303_4_3 23.641 0.016 38.3288 38.3740 0.8 10.2 23.72 109.77 
250821-1303 250821-1303_4_4 23.508 0.047 38.2718 38.3226 0.5 10.6 23.53 111.16 
250821-1303 250821-1303_4_5 23.539 0.031 38.3310 38.3773 0.3 10.3 23.67 113.29 
250821-1303 250821-1303_4_6 23.422 0.010 38.2611 38.3140 0.9 9.6 23.46 111.70 
250821-1303 250821-1303_4_7 23.098 0.018 38.2335 38.2982 0.2 9.4 23.13 112.79 
250821-1303 250821-1303_4_8 23.117 0.027 38.2784 38.3400 0.9 11.8 23.30 111.49 
250821-1303 250821-1303_4_9 23.301 0.014 38.2599 38.3162 0.2 10.5 23.41 110.77 
250821-1303 250821-1303_4_10 23.375 0.008 38.2768 38.3315 0.8 10.6 23.42 106.51 
250821-1303 250821-1303_4_11 23.504 0.031 38.3053 38.3562 0.2 12.2 23.54 111.82 
250821-1303 250821-1303_4_12 23.531 0.032 38.3255 38.3707 0.5 12.6 23.74 105.21 
250821-1303 250821-1303_4_13 23.152 0.006 38.2542 38.3167 0.9 10.2 23.20 111.59 
250821-1303 250821-1303_4_14 23.340 0.004 38.3252 38.3816 0.2 10.3 23.36 111.50 
250821-1303 250821-1303_4_15 23.348 0.024 38.2900 38.3433 0.9 11.8 23.52 109.33 
250821-1303 250821-1303_4_16 23.398 0.030 38.2269 38.2770 0.2 9.5 23.59 112.20 
250821-1303 250821-1303_4_17 23.227 0.004 38.3192 38.3798 0.8 11.5 23.27 110.35 
250821-1303 250821-1303_4_18 23.539 0.011 38.2927 38.3424 0.2 11.7 23.55 111.29 
250821-1303 250821-1303_4_19 23.539 0.037 38.3064 38.3529 0.8 13.7 23.71 111.46 
250821-1303 250821-1303_5_0 23.059 0.014 38.2944 38.3604 0.2 10.5 23.09 106.59 
250821-1303 250821-1303_5_1 23.086 0.024 38.2707 38.3330 0.8 10.3 23.28 108.83 
250821-1303 250821-1303_5_2 23.535 0.014 38.2862 38.3339 0.2 10.8 23.64 108.42 
250821-1303 250821-1303_5_3 23.652 0.006 38.2879 38.3335 0.8 13.2 23.69 109.31 
250821-1303 250821-1303_5_4 23.508 0.045 38.2663 38.3170 0.2 13.2 23.53 110.63 
250821-1303 250821-1303_5_5 23.523 0.055 38.3168 38.3633 0.6 9.9 23.70 112.16 
250821-1303 250821-1303_5_6 23.414 0.015 38.2789 38.3318 0.9 11.2 23.46 112.44 
250821-1303 250821-1303_5_7 23.102 0.003 38.2487 38.3133 0.2 10.7 23.15 113.02 
250821-1303 250821-1303_5_8 23.121 0.026 38.3043 38.3658 0.9 10.0 23.30 105.57 
250821-1303 250821-1303_5_9 23.289 0.031 38.2692 38.3230 0.1 12.3 23.49 110.19 
250821-1303 250821-1303_5_10 23.375 0.008 38.2563 38.3110 0.9 12.1 23.42 106.24 
250821-1303 250821-1303_5_11 23.500 0.010 38.2999 38.3509 0.2 9.9 23.55 111.83 
250821-1303 250821-1303_5_12 23.523 0.036 38.2950 38.3399 0.8 14.2 23.74 106.12 
250821-1303 250821-1303_5_13 23.145 0.024 38.2480 38.3078 0.3 11.6 23.33 111.67 
250821-1303 250821-1303_5_14 23.336 0.004 38.2939 38.3505 0.2 11.6 23.37 111.17 
250821-1303 250821-1303_5_15 23.355 0.005 38.3053 38.3595 0.9 13.0 23.48 110.31 
250821-1303 250821-1303_5_16 23.398 0.030 38.2593 38.3092 0.2 9.2 23.59 112.25 
250821-1303 250821-1303_5_17 23.219 0.018 38.3056 38.3649 0.8 9.9 23.30 110.55 
250821-1303 250821-1303_5_18 23.539 0.014 38.2930 38.3427 0.2 10.3 23.55 110.80 
250821-1303 250821-1303_5_19 23.547 0.015 38.3214 38.3688 0.8 13.7 23.66 108.86 
250821-1303 250821-1303_6_0 23.070 0.004 38.3013 38.3669 0.2 11.2 23.12 106.41 
250821-1303 250821-1303_6_1 23.086 0.024 38.3261 38.3881 0.9 10.6 23.28 112.98 
250821-1303 250821-1303_6_2 23.520 0.035 38.3069 38.3517 0.2 10.5 23.73 109.11 
250821-1303 250821-1303_6_3 23.656 0.003 38.2776 38.3232 0.8 9.8 23.69 109.38 
250821-1303 250821-1303_6_4 23.531 0.022 38.2522 38.3022 0.2 10.4 23.54 110.49 
250821-1303 250821-1303_6_5 23.531 0.051 38.3252 38.3717 0.8 8.8 23.70 111.90 
250821-1303 250821-1303_6_6 23.414 0.030 38.2907 38.3405 0.3 10.6 23.59 112.72 
250821-1303 250821-1303_6_7 23.105 0.003 38.2600 38.3244 0.2 10.8 23.16 113.27 
250821-1303 250821-1303_6_8 23.133 0.008 38.3231 38.3849 0.8 11.5 23.27 106.27 
250821-1303 250821-1303_6_9 23.289 0.031 38.2896 38.3431 0.2 10.8 23.50 108.45 
250821-1303 250821-1303_6_10 23.367 0.027 38.2688 38.3224 0.9 10.5 23.45 107.45 
250821-1303 250821-1303_6_11 23.508 0.009 38.3214 38.3721 0.2 10.3 23.54 112.16 
250821-1303 250821-1303_6_12 23.539 0.010 38.3018 38.3483 0.9 11.6 23.70 110.97 
250821-1303 250821-1303_6_13 23.145 0.022 38.2498 38.3095 0.2 11.2 23.34 111.85 
250821-1303 250821-1303_6_14 23.332 0.018 38.2605 38.3160 0.6 12.0 23.41 111.60 
250821-1303 250821-1303_6_15 23.359 0.007 38.2461 38.3002 0.9 10.3 23.48 111.89 
250821-1303 250821-1303_6_16 23.410 0.007 38.3207 38.3730 0.3 10.3 23.52 112.20 
250821-1303 250821-1303_6_17 23.219 0.018 38.3267 38.3860 0.8 10.0 23.31 110.75 
250821-1303 250821-1303_6_18 23.539 0.031 38.2861 38.3357 0.2 10.9 23.55 109.99 
250821-1303 250821-1303_6_19 23.551 0.014 38.3024 38.3497 0.9 11.0 23.66 111.41 
250821-1303 250821-1303_7_0 23.070 0.004 38.3052 38.3708 0.2 11.7 23.12 107.07 
250821-1303 250821-1303_7_1 23.102 0.003 38.3066 38.3694 0.9 9.9 23.25 111.80 
250821-1303 250821-1303_7_2 23.523 0.036 38.3132 38.3581 0.2 9.8 23.73 109.02 
250821-1303 250821-1303_7_3 23.641 0.024 38.2927 38.3374 0.9 11.6 23.72 109.37 
250821-1303 250821-1303_7_4 23.535 0.022 38.2739 38.3238 0.2 9.7 23.55 110.05 
250821-1303 250821-1303_7_5 23.539 0.033 38.3173 38.3650 0.9 10.8 23.66 111.68 
250821-1303 250821-1303_7_6 23.410 0.032 38.3222 38.3719 0.2 11.4 23.59 111.32 
250821-1303 250821-1303_7_7 23.098 0.018 38.2604 38.3238 0.6 9.1 23.20 113.23 
250821-1303 250821-1303_7_8 23.137 0.006 38.3198 38.3817 0.9 11.0 23.28 107.43 
250821-1303 250821-1303_7_9 23.297 0.015 38.2906 38.3466 0.2 11.4 23.41 109.30 
250821-1303 250821-1303_7_10 23.367 0.030 38.3171 38.3706 0.9 11.7 23.45 111.87 
250821-1303 250821-1303_7_11 23.512 0.027 38.3170 38.3676 0.2 9.4 23.54 112.64 
250821-1303 250821-1303_7_12 23.535 0.012 38.2838 38.3301 0.9 11.1 23.70 111.17 
250821-1303 250821-1303_7_13 23.160 0.003 38.2460 38.3082 0.1 8.8 23.26 111.78 
250821-1303 250821-1303_7_14 23.336 0.016 38.2280 38.2835 0.8 11.1 23.41 112.08 
250821-1303 250821-1303_7_15 23.387 0.028 38.3101 38.3649 0.5 9.6 23.41 111.87 
250821-1303 250821-1303_7_16 23.406 0.012 38.2532 38.3054 0.2 12.9 23.52 112.12 
250821-1303 250821-1303_7_17 23.230 0.006 38.3141 38.3744 0.9 11.0 23.28 110.32 
250821-1303 250821-1303_7_18 23.535 0.032 38.2969 38.3467 0.2 12.7 23.55 108.63 
250821-1303 250821-1303_7_19 23.547 0.031 38.2782 38.3243 0.9 12.4 23.71 111.81 
250821-1303 250821-1303_8_0 23.066 0.013 38.3107 38.3756 0.6 9.4 23.16 112.13 
250821-1303 250821-1303_8_1 23.098 0.006 38.3218 38.3845 0.9 10.9 23.25 111.65 
250821-1303 250821-1303_8_2 23.539 0.014 38.3260 38.3735 0.2 10.2 23.65 108.54 
250821-1303 250821-1303_8_3 23.648 0.020 38.3145 38.3591 0.8 11.2 23.72 109.65 
250821-1303 250821-1303_8_4 23.520 0.045 38.2880 38.3383 0.2 11.3 23.53 109.78 
250821-1303 250821-1303_8_5 23.539 0.031 38.3095 38.3568 0.8 10.3 23.66 111.65 
250821-1303 250821-1303_8_6 23.418 0.014 38.3205 38.3727 0.1 11.3 23.51 111.51 
250821-1303 250821-1303_8_7 23.102 0.018 38.2743 38.3376 0.8 10.2 23.20 113.38 
250821-1303 250821-1303_8_8 23.273 0.030 38.2935 38.3522 0.5 9.6 23.30 109.65 
250821-1303 250821-1303_8_9 23.305 0.010 38.2902 38.3463 0.2 12.1 23.41 110.86 
250821-1303 250821-1303_8_10 23.375 0.008 38.3116 38.3663 0.9 10.9 23.42 111.59 
250821-1303 250821-1303_8_11 23.516 0.025 38.2996 38.3501 0.2 10.7 23.54 110.92 
250821-1303 250821-1303_8_12 23.531 0.034 38.3335 38.3780 0.9 11.5 23.75 111.69 
250821-1303 250821-1303_8_13 23.164 0.003 38.2325 38.2946 0.2 10.2 23.26 112.14 
250821-1303 250821-1303_8_14 23.344 0.003 38.2302 38.2866 0.8 9.7 23.38 112.88 
250821-1303 250821-1303_8_15 23.391 0.025 38.2175 38.2722 0.3 11.0 23.41 112.03 
250821-1303 250821-1303_8_16 23.398 0.030 38.2541 38.3056 0.6 12.0 23.57 110.71 
250821-1303 250821-1303_8_17 23.227 0.003 38.2886 38.3488 0.9 9.8 23.28 109.56 
250821-1303 250821-1303_8_18 23.539 0.014 38.3229 38.3726 0.2 12.0 23.55 106.90 
250821-1303 250821-1303_8_19 23.547 0.035 38.3108 38.3568 0.9 14.1 23.71 110.17 
250821-1303 250821-1303_9_0 23.062 0.014 38.2863 38.3512 0.8 11.6 23.16 111.94 
250821-1303 250821-1303_9_1 23.516 0.031 38.2835 38.3339 0.4 11.0 23.53 105.90 
250821-1303 250821-1303_9_2 23.539 0.014 38.3224 38.3698 0.2 9.8 23.66 108.42 
250821-1303 250821-1303_9_3 23.656 0.008 38.3291 38.3743 0.9 12.9 23.69 109.98 
250821-1303 250821-1303_9_4 23.516 0.051 38.3242 38.3747 0.2 11.4 23.54 109.15 
250821-1303 250821-1303_9_5 23.527 0.055 38.3087 38.3546 0.9 12.7 23.70 110.84 
250821-1303 250821-1303_9_6 23.422 0.011 38.3366 38.3888 0.2 12.8 23.51 111.98 
250821-1303 250821-1303_9_7 23.109 0.003 38.2886 38.3527 0.9 10.7 23.17 113.74 
250821-1303 250821-1303_9_8 23.273 0.027 38.2722 38.3309 0.2 11.1 23.30 109.76 
250821-1303 250821-1303_9_9 23.289 0.031 38.2702 38.3260 0.6 12.0 23.46 111.24 
250821-1303 250821-1303_9_10 23.371 0.016 38.3097 38.3641 0.9 9.4 23.42 111.66 
250821-1303 250821-1303_9_11 23.516 0.004 38.2988 38.3492 0.2 9.8 23.55 110.93 
250821-1303 250821-1303_9_12 23.527 0.038 38.2681 38.3126 0.9 11.9 23.74 111.01 
250821-1303 250821-1303_9_13 23.148 0.024 38.2245 38.2838 0.1 9.9 23.34 113.04 
250821-1303 250821-1303_9_14 23.344 0.003 38.2323 38.2885 0.8 9.1 23.39 112.06 
250821-1303 250821-1303_9_15 23.398 0.007 38.2592 38.3137 0.2 9.5 23.42 110.66 
250821-1303 250821-1303_9_16 23.398 0.027 38.2937 38.3454 0.8 10.0 23.57 109.32 
250821-1303 250821-1303_9_17 23.227 0.018 38.2887 38.3459 0.3 11.3 23.41 109.85 
250821-1303 250821-1303_9_18 23.547 0.008 38.3152 38.3646 0.1 12.3 23.55 106.47 
250821-1303 250821-1303_9_19 23.551 0.016 38.2836 38.3306 0.9 11.1 23.67 109.97 
250821-1303 250821-1303_10_0 23.074 0.003 38.2743 38.3399 0.9 12.4 23.13 111.89 
250821-1303 250821-1303_10_1 23.508 0.031 38.3025 38.3533 0.3 10.4 23.53 105.73 
250821-1303 250821-1303_10_2 23.531 0.030 38.3165 38.3633 0.6 10.4 23.70 108.34 
250821-1303 250821-1303_10_3 23.660 0.007 38.3123 38.3575 0.9 10.3 23.69 110.23 
250821-1303 250821-1303_10_4 23.539 0.019 38.3258 38.3755 0.2 11.1 23.55 109.29 
250821-1303 250821-1303_10_5 23.531 0.051 38.3198 38.3657 0.9 11.0 23.70 111.05 
250821-1303 250821-1303_10_6 23.414 0.027 38.3303 38.3800 0.2 9.8 23.59 113.36 
250821-1303 250821-1303_10_7 23.109 0.003 38.2874 38.3515 0.8 11.4 23.17 113.57 
250821-1303 250821-1303_10_8 23.281 0.012 38.2484 38.3069 0.2 10.0 23.31 109.20 
250821-1303 250821-1303_10_9 23.293 0.033 38.2944 38.3501 0.8 10.9 23.46 111.51 
250821-1303 250821-1303_10_10 23.367 0.030 38.3219 38.3733 0.3 10.4 23.55 111.74 
250821-1303 250821-1303_10_11 23.512 0.006 38.2920 38.3426 0.2 9.1 23.55 111.10 
250821-1303 250821-1303_10_12 23.539 0.011 38.2946 38.3408 0.9 10.6 23.70 111.02 
250821-1303 250821-1303_10_13 23.148 0.022 38.2457 38.3049 0.2 14.4 23.34 113.16 
250821-1303 250821-1303_10_14 23.336 0.020 38.2220 38.2773 0.9 10.4 23.42 111.66 
250821-1303 250821-1303_10_15 23.402 0.003 38.3174 38.3717 0.3 9.3 23.41 109.19 
250821-1303 250821-1303_10_16 23.414 0.007 38.3086 38.3606 0.9 11.0 23.54 109.18 
250821-1303 250821-1303_10_17 23.227 0.019 38.2582 38.3152 0.3 13.2 23.41 111.20 
250821-1303 250821-1303_10_18 23.547 0.024 38.2815 38.3293 0.6 12.6 23.62 108.19 
250821-1303 250821-1303_10_19 23.547 0.015 38.3184 38.3652 0.9 9.5 23.68 110.36 
250821-1303 250821-1303_11_0 23.078 0.004 38.2818 38.3474 0.8 10.5 23.14 111.51 
250821-1303 250821-1303_11_1 23.523 0.012 38.3211 38.3713 0.3 10.0 23.55 104.39 
250821-1303 250821-1303_11_2 23.527 0.036 38.3185 38.3650 0.8 10.6 23.70 108.82 
250821-1303 250821-1303_11_3 23.645 0.028 38.3009 38.3426 0.3 12.2 23.84 110.26 
250821-1303 250821-1303_11_4 23.543 0.022 38.3139 38.3635 0.2 10.3 23.55 109.21 
250821-1303 250821-1303_11_5 23.543 0.033 38.3262 38.3733 0.9 10.3 23.66 110.03 
250821-1303 250821-1303_11_6 23.414 0.027 38.3282 38.3777 0.2 11.3 23.59 113.46 
250821-1303 250821-1303_11_7 23.102 0.021 38.2529 38.3160 0.9 10.5 23.20 111.21 
250821-1303 250821-1303_11_8 23.285 0.010 38.2333 38.2916 0.2 10.0 23.31 106.50 
250821-1303 250821-1303_11_9 23.305 0.011 38.3172 38.3738 0.8 11.7 23.42 109.41 
250821-1303 250821-1303_11_10 23.367 0.030 38.3243 38.3757 0.2 11.7 23.55 111.39 
250821-1303 250821-1303_11_11 23.520 0.028 38.2815 38.3300 0.6 9.7 23.61 110.98 
250821-1303 250821-1303_11_12 23.539 0.011 38.2718 38.3176 1.0 10.9 23.70 111.47 
250821-1303 250821-1303_11_13 23.164 0.003 38.2298 38.2915 0.3 11.4 23.27 112.63 
250821-1303 250821-1303_11_14 23.336 0.022 38.2488 38.3039 0.9 12.8 23.42 111.76 
250821-1303 250821-1303_11_15 23.395 0.022 38.2684 38.3230 0.2 12.3 23.41 110.71 
250821-1303 250821-1303_11_16 23.406 0.012 38.2635 38.3154 0.9 28.7 23.54 110.81 
250821-1303 250821-1303_11_17 23.230 0.003 38.2433 38.3027 0.1 8.4 23.34 112.27 
250821-1303 250821-1303_11_18 23.539 0.031 38.2789 38.3264 0.8 13.7 23.62 109.46 
250821-1303 250821-1303_11_19 23.328 0.041 38.2474 38.3043 0.4 9.7 23.34 112.85 
250821-1303 250821-1303_12_0 23.066 0.020 38.3075 38.3719 0.8 9.7 23.16 111.49 
250821-1303 250821-1303_12_1 23.523 0.012 38.3087 38.3589 0.2 11.7 23.55 104.68 
250821-1303 250821-1303_12_2 23.535 0.018 38.3227 38.3702 0.8 11.6 23.67 108.23 
250821-1303 250821-1303_12_3 23.648 0.024 38.3110 38.3524 0.3 10.7 23.83 110.26 
250821-1303 250821-1303_12_4 23.523 0.047 38.2889 38.3359 0.6 11.2 23.64 109.14 
250821-1303 250821-1303_12_5 23.547 0.029 38.3296 38.3766 0.9 9.7 23.67 109.68 
250821-1303 250821-1303_12_6 23.422 0.011 38.3421 38.3942 0.2 10.2 23.52 113.84 
250821-1303 250821-1303_12_7 23.105 0.021 38.2684 38.3314 0.8 11.3 23.20 110.90 
250821-1303 250821-1303_12_8 23.273 0.031 38.2991 38.3578 0.2 11.4 23.30 111.55 
250821-1303 250821-1303_12_9 23.309 0.014 38.2869 38.3435 0.9 10.7 23.42 109.19 
250821-1303 250821-1303_12_10 23.375 0.011 38.3011 38.3549 0.1 13.1 23.48 110.08 
250821-1303 250821-1303_12_11 23.516 0.029 38.3012 38.3497 0.8 10.6 23.62 111.05 
250821-1303 250821-1303_12_12 23.125 0.020 38.2675 38.3313 0.5 11.6 23.16 112.27 
250821-1303 250821-1303_12_13 23.160 0.007 38.2667 38.3282 0.2 10.6 23.27 112.23 
250821-1303 250821-1303_12_14 23.344 0.004 38.3247 38.3807 0.9 12.3 23.39 113.34 
250821-1303 250821-1303_12_15 23.395 0.024 38.2698 38.3244 0.2 11.6 23.41 109.03 
250821-1303 250821-1303_12_16 23.402 0.030 38.3124 38.3635 0.9 11.0 23.57 112.12 
250821-1303 250821-1303_12_17 23.230 0.005 38.3231 38.3823 0.2 9.8 23.34 112.80 
250821-1303 250821-1303_12_18 23.543 0.010 38.2909 38.3398 0.8 11.9 23.59 110.24 
250821-1303 250821-1303_12_19 23.328 0.039 38.2747 38.3316 0.3 11.2 23.34 112.59 
250821-1303 250821-1303_13_0 23.066 0.020 38.2849 38.3493 0.8 9.8 23.16 111.61 
250821-1303 250821-1303_13_1 23.516 0.029 38.3081 38.3585 0.2 12.8 23.53 105.69 
250821-1303 250821-1303_13_2 23.539 0.014 38.3272 38.3746 0.8 8.6 23.66 108.47 
250821-1303 250821-1303_13_3 23.660 0.010 38.3195 38.3635 0.3 9.6 23.75 110.42 
250821-1303 250821-1303_13_4 23.523 0.047 38.2883 38.3353 0.8 10.5 23.64 109.64 
250821-1303 250821-1303_13_5 23.406 0.027 38.2385 38.2927 0.4 10.2 23.41 112.61 
250821-1303 250821-1303_13_6 23.418 0.016 38.3401 38.3921 0.3 13.0 23.52 112.56 
250821-1303 250821-1303_13_7 23.117 0.003 38.2420 38.3058 0.9 10.6 23.17 110.98 
250821-1303 250821-1303_13_8 23.277 0.028 38.3076 38.3662 0.2 10.4 23.30 111.30 
250821-1303 250821-1303_13_9 23.293 0.033 38.2446 38.3000 0.9 9.8 23.47 108.09 
250821-1303 250821-1303_13_10 23.379 0.014 38.3044 38.3582 0.2 11.8 23.48 109.55 
250821-1303 250821-1303_13_11 23.523 0.004 38.3107 38.3606 0.9 10.1 23.58 110.98 
250821-1303 250821-1303_13_12 23.133 0.016 38.2742 38.3377 0.2 11.7 23.16 112.29 
250821-1303 250821-1303_13_13 23.152 0.026 38.2727 38.3339 0.5 9.6 23.31 111.54 
250821-1303 250821-1303_13_14 23.348 0.005 38.2389 38.2948 0.9 10.3 23.39 111.65 
250821-1303 250821-1303_13_15 23.402 0.006 38.3212 38.3755 0.2 10.6 23.42 111.97 
250821-1303 250821-1303_13_16 23.402 0.032 38.2854 38.3363 0.9 10.2 23.58 109.92 
250821-1303 250821-1303_13_17 23.219 0.023 38.2730 38.3297 0.1 12.7 23.42 109.04 
250821-1303 250821-1303_13_18 23.547 0.010 38.2946 38.3434 0.9 12.0 23.59 111.00 
250821-1303 250821-1303_13_19 23.336 0.020 38.2388 38.2954 0.2 12.3 23.34 112.83 
250821-1303 250821-1303_14_0 23.078 0.000 38.3027 38.3680 0.9 11.2 23.13 111.89 
250821-1303 250821-1303_14_1 23.520 0.028 38.3105 38.3609 0.2 9.2 23.53 106.95 
250821-1303 250821-1303_14_2 23.527 0.034 38.3191 38.3654 0.9 11.9 23.70 107.80 
250821-1303 250821-1303_14_3 23.664 0.008 38.3293 38.3731 0.2 10.4 23.75 110.46 
250821-1303 250821-1303_14_4 23.543 0.022 38.3321 38.3802 0.8 11.7 23.61 109.43 
250821-1303 250821-1303_14_5 23.406 0.027 38.2374 38.2916 0.2 13.1 23.41 112.40 
250821-1303 250821-1303_14_6 23.410 0.032 38.3048 38.3564 0.6 10.3 23.56 112.13 
250821-1303 250821-1303_14_7 23.117 0.004 38.2379 38.3017 0.9 10.0 23.18 110.84 
250821-1303 250821-1303_14_8 23.289 0.008 38.3068 38.3650 0.2 13.9 23.31 110.48 
250821-1303 250821-1303_14_9 23.297 0.031 38.2420 38.2972 0.9 11.0 23.47 105.95 
250821-1303 250821-1303_14_10 23.367 0.031 38.3095 38.3605 0.2 11.3 23.55 111.15 
250821-1303 250821-1303_14_11 23.520 0.006 38.2911 38.3411 0.9 12.0 23.58 109.60 
250821-1303 250821-1303_14_12 23.133 0.004 38.2683 38.3318 0.2 10.2 23.17 111.96 
250821-1303 250821-1303_14_13 23.152 0.022 38.3012 38.3621 0.8 9.8 23.31 110.92 
250821-1303 250821-1303_14_14 23.340 0.024 38.2620 38.3146 0.4 12.1 23.53 111.10 
250821-1303 250821-1303_14_15 23.402 0.007 38.2547 38.3091 0.2 9.9 23.42 112.16 
250821-1303 250821-1303_14_16 23.414 0.008 38.2981 38.3499 0.9 11.0 23.55 115.70 
250821-1303 250821-1303_14_17 23.223 0.022 38.2401 38.2966 0.2 10.5 23.43 112.04 
250821-1303 250821-1303_14_18 23.535 0.035 38.2459 38.2934 0.9 11.5 23.62 112.09 
250821-1303 250821-1303_14_19 23.336 0.020 38.2398 38.2964 0.2 11.9 23.34 112.80 
250821-1303 250821-1303_15_0 23.082 0.003 38.3022 38.3673 0.9 9.5 23.14 112.11 
250821-1303 250821-1303_15_1 23.531 0.010 38.2978 38.3477 0.2 9.1 23.55 107.87 
250821-1303 250821-1303_15_2 23.527 0.036 38.3186 38.3646 0.9 10.5 23.70 107.77 
250821-1303 250821-1303_15_3 23.648 0.024 38.3178 38.3590 0.2 9.6 23.84 110.53 
250821-1303 250821-1303_15_4 23.539 0.027 38.3195 38.3673 0.8 11.4 23.61 110.85 
250821-1303 250821-1303_15_5 23.414 0.008 38.2650 38.3189 0.2 10.5 23.42 112.08 
250821-1303 250821-1303_15_6 23.406 0.034 38.3230 38.3744 0.8 10.4 23.56 112.18 
250821-1303 250821-1303_15_7 23.105 0.025 38.2791 38.3397 0.3 11.2 23.30 110.78 
250821-1303 250821-1303_15_8 23.289 0.008 38.3291 38.3873 0.2 9.6 23.31 108.75 
250821-1303 250821-1303_15_9 23.312 0.012 38.2448 38.3009 0.9 11.4 23.43 108.30 
250821-1303 250821-1303_15_10 23.367 0.031 38.3329 38.3839 0.2 9.2 23.56 111.65 
250821-1303 250821-1303_15_11 23.520 0.029 38.3186 38.3670 0.9 10.2 23.62 109.81 
250821-1303 250821-1303_15_12 23.137 0.004 38.2685 38.3318 0.2 11.1 23.18 109.82 
250821-1303 250821-1303_15_13 23.164 0.004 38.2374 38.2993 0.9 11.1 23.29 112.24 
250821-1303 250821-1303_15_14 23.336 0.026 38.2776 38.3302 0.2 10.6 23.52 110.47 
250821-1303 250821-1303_15_15 23.398 0.022 38.2784 38.3314 0.6 9.7 23.48 109.98 
250821-1303 250821-1303_15_16 23.418 0.007 38.2923 38.3439 0.9 11.0 23.55 113.67 
250821-1303 250821-1303_15_17 23.234 0.003 38.2682 38.3271 0.2 12.4 23.35 111.17 
250821-1303 250821-1303_15_18 23.539 0.035 38.3218 38.3691 0.9 10.2 23.62 111.86 
250821-1303 250821-1303_15_19 23.332 0.039 38.2447 38.3014 0.2 11.2 23.34 111.46 
250821-1303 250821-1303_16_0 23.070 0.022 38.3006 38.3625 0.2 10.0 23.27 112.44 
250821-1303 250821-1303_16_1 23.531 0.010 38.3232 38.3731 0.2 9.7 23.55 108.53 
250821-1303 250821-1303_16_2 23.543 0.014 38.3203 38.3672 0.9 10.9 23.66 107.91 
250821-1303 250821-1303_16_3 23.648 0.024 38.3207 38.3617 0.3 11.4 23.84 111.05 
250821-1303 250821-1303_16_4 23.523 0.051 38.2929 38.3397 0.8 9.9 23.64 111.29 
250821-1303 250821-1303_16_5 23.414 0.008 38.2767 38.3307 0.2 9.1 23.42 111.44 
250821-1303 250821-1303_16_6 23.422 0.011 38.3198 38.3723 0.9 9.6 23.52 112.38 
250821-1303 250821-1303_16_7 23.105 0.025 38.2806 38.3413 0.2 9.5 23.31 110.51 
250821-1303 250821-1303_16_8 23.285 0.028 38.2262 38.2826 0.6 10.5 23.38 105.56 
250821-1303 250821-1303_16_9 23.309 0.012 38.2921 38.3481 0.9 12.5 23.43 108.91 
250821-1303 250821-1303_16_10 23.379 0.012 38.3222 38.3757 0.2 11.4 23.48 111.88 
250821-1303 250821-1303_16_11 23.520 0.031 38.3278 38.3761 0.9 12.3 23.62 110.24 
250821-1303 250821-1303_16_12 23.137 0.014 38.2950 38.3583 0.2 11.5 23.17 111.51 
250821-1303 250821-1303_16_13 23.168 0.006 38.2640 38.3258 0.9 10.7 23.29 112.93 
250821-1303 250821-1303_16_14 23.352 0.004 38.3244 38.3797 0.1 11.7 23.45 111.67 
250821-1303 250821-1303_16_15 23.398 0.024 38.2967 38.3496 0.8 13.3 23.48 109.94 
250821-1303 250821-1303_16_16 23.199 0.018 38.2762 38.3375 0.4 11.2 23.23 112.30 
250821-1303 250821-1303_16_17 23.234 0.004 38.2938 38.3527 0.2 11.0 23.34 112.14 
250821-1303 250821-1303_16_18 23.547 0.014 38.2698 38.3183 0.9 12.1 23.59 111.08 
250821-1303 250821-1303_16_19 23.336 0.037 38.2876 38.3442 0.2 13.6 23.34 110.17 
250821-1303 250821-1303_17_0 23.074 0.022 38.3213 38.3833 0.3 13.3 23.27 112.72 
250821-1303 250821-1303_17_1 23.523 0.027 38.3050 38.3534 0.6 9.5 23.61 109.15 
250821-1303 250821-1303_17_2 23.547 0.011 38.3105 38.3574 0.9 12.1 23.67 108.19 
250821-1303 250821-1303_17_3 23.656 0.014 38.2940 38.3376 0.3 14.6 23.75 110.24 
250821-1303 250821-1303_17_4 23.523 0.051 38.2951 38.3419 0.9 9.1 23.65 111.16 
250821-1303 250821-1303_17_5 23.410 0.024 38.2728 38.3269 0.3 9.8 23.41 110.95 
250821-1303 250821-1303_17_6 23.418 0.014 38.3014 38.3538 0.9 9.5 23.52 113.12 
250821-1303 250821-1303_17_7 23.117 0.008 38.2870 38.3499 0.1 10.4 23.23 110.30 
250821-1303 250821-1303_17_8 23.281 0.030 38.2215 38.2780 0.8 12.8 23.38 106.79 
250821-1303 250821-1303_17_9 23.355 0.029 38.3164 38.3723 0.4 9.9 23.38 111.68 
250821-1303 250821-1303_17_10 23.379 0.012 38.3383 38.3919 0.2 13.5 23.49 111.98 
250821-1303 250821-1303_17_11 23.523 0.010 38.2837 38.3333 0.9 14.1 23.59 107.35 
250821-1303 250821-1303_17_12 23.141 0.014 38.2725 38.3357 0.1 10.8 23.17 111.36 
250821-1303 250821-1303_17_13 23.160 0.022 38.2496 38.3101 0.9 9.3 23.32 112.39 
250821-1303 250821-1303_17_14 23.352 0.004 38.3335 38.3887 0.1 11.3 23.45 110.45 
250821-1303 250821-1303_17_15 23.406 0.004 38.3020 38.3559 0.9 10.0 23.45 114.63 
250821-1303 250821-1303_17_16 23.207 0.016 38.2687 38.3297 0.2 12.2 23.24 110.82 
250821-1303 250821-1303_17_17 23.227 0.023 38.2961 38.3542 0.6 11.4 23.40 109.68 
250821-1303 250821-1303_17_18 23.543 0.016 38.2925 38.3410 0.9 10.7 23.59 109.59 
250821-1303 250821-1303_17_19 23.344 0.014 38.2887 38.3450 0.2 12.6 23.34 110.04 
250821-1303 250821-1303_18_0 23.082 0.007 38.2946 38.3587 0.0 9.8 23.20 109.90 
250821-1303 250821-1303_18_1 23.523 0.027 38.3089 38.3572 0.8 10.1 23.61 109.71 
250821-1303 250821-1303_18_2 23.605 0.021 38.3010 38.3484 0.5 13.1 23.65 108.88 
250821-1303 250821-1303_18_3 23.664 0.008 38.3142 38.3575 0.2 12.1 23.76 110.50 
250821-1303 250821-1303_18_4 23.543 0.028 38.2946 38.3423 0.9 11.4 23.61 111.49 
250821-1303 250821-1303_18_5 23.414 0.022 38.2642 38.3181 0.2 10.0 23.41 110.57 
250821-1303 250821-1303_18_6 23.414 0.031 38.2846 38.3356 0.9 10.9 23.57 112.97 
250821-1303 250821-1303_18_7 23.117 0.010 38.2708 38.3338 0.2 9.8 23.23 109.80 
250821-1303 250821-1303_18_8 23.293 0.009 38.2193 38.2768 0.8 12.0 23.34 108.72 
250821-1303 250821-1303_18_9 23.355 0.029 38.2616 38.3176 0.2 11.1 23.38 110.79 
250821-1303 250821-1303_18_10 23.375 0.026 38.3103 38.3638 0.6 8.9 23.52 112.06 
250821-1303 250821-1303_18_11 23.523 0.013 38.2884 38.3378 0.9 12.5 23.59 108.96 
250821-1303 250821-1303_18_12 23.141 0.000 38.2901 38.3533 0.2 11.0 23.18 111.73 
250821-1303 250821-1303_18_13 23.160 0.024 38.2195 38.2799 0.9 12.1 23.32 111.88 
250821-1303 250821-1303_18_14 23.344 0.023 38.3234 38.3758 0.1 11.7 23.54 110.70 
250821-1303 250821-1303_18_15 23.406 0.007 38.2948 38.3486 0.8 11.8 23.45 112.82 
250821-1303 250821-1303_18_16 23.211 0.000 38.2769 38.3377 0.2 10.3 23.25 109.24 
250821-1303 250821-1303_18_17 23.230 0.020 38.3324 38.3903 0.8 11.5 23.41 109.90 
250821-1303 250821-1303_18_18 23.543 0.033 38.2909 38.3356 0.3 13.4 23.73 109.64 
250821-1303 250821-1303_18_19 23.340 0.018 38.2642 38.3207 0.2 11.4 23.34 111.34 
250821-1303 250821-1303_19_0 23.090 0.003 38.3115 38.3758 0.1 10.3 23.20 110.42 
250821-1303 250821-1303_19_1 23.531 0.012 38.3289 38.3781 0.8 10.4 23.58 109.67 
250821-1303 250821-1303_19_2 23.613 0.018 38.3119 38.3590 0.3 9.5 23.66 108.45 
250821-1303 250821-1303_19_3 23.652 0.024 38.2969 38.3384 0.6 11.2 23.83 110.28 
250821-1303 250821-1303_19_4 23.539 0.030 38.2993 38.3470 0.9 10.7 23.61 111.64 
250821-1303 250821-1303_19_5 23.418 0.009 38.2856 38.3394 0.3 10.1 23.42 110.32 
250821-1303 250821-1303_19_6 23.410 0.034 38.2879 38.3389 0.9 8.9 23.57 113.08 
250821-1303 250821-1303_19_7 23.109 0.026 38.2953 38.3556 0.1 9.9 23.31 108.60 
250821-1303 250821-1303_19_8 23.297 0.008 38.2501 38.3075 0.9 10.7 23.35 109.34 
250821-1303 250821-1303_19_9 23.367 0.012 38.2876 38.3431 0.2 9.6 23.39 109.10 
250821-1303 250821-1303_19_10 23.371 0.030 38.3229 38.3762 0.8 10.3 23.52 108.94 
250821-1303 250821-1303_19_11 23.520 0.035 38.3176 38.3622 0.3 11.4 23.75 108.30 
250821-1303 250821-1303_19_12 23.148 0.004 38.2905 38.3534 0.2 11.7 23.18 111.40 
250821-1303 250821-1303_19_13 23.172 0.004 38.2931 38.3542 0.9 10.2 23.30 110.16 
250821-1303 250821-1303_19_14 23.344 0.023 38.3136 38.3658 0.2 11.3 23.54 112.46 
250821-1303 250821-1303_19_15 23.398 0.026 38.2765 38.3293 0.8 11.9 23.48 108.03 
250821-1303 250821-1303_19_16 23.215 0.003 38.2972 38.3579 0.2 12.3 23.25 107.43 
250821-1303 250821-1303_19_17 23.234 0.008 38.3227 38.3815 0.9 12.5 23.37 110.20 
250821-1303 250821-1303_19_18 23.543 0.033 38.2715 38.3161 0.3 14.5 23.73 111.15 
250821-1303 250821-1303_19_19 23.336 0.037 38.2630 38.3171 0.6 10.5 23.41 112.59 
250821-1303 250821-1303_20_0 23.078 0.020 38.3190 38.3806 0.2 10.7 23.28 111.03 
250821-1303 250821-1303_20_1 23.535 0.010 38.3080 38.3571 0.8 11.6 23.58 108.97 
250821-1303 250821-1303_20_2 23.633 0.004 38.3370 38.3834 0.3 11.1 23.66 107.82 
250821-1303 250821-1303_20_3 23.648 0.027 38.3025 38.3439 0.8 10.0 23.82 110.19 
250821-1303 250821-1303_20_4 23.523 0.055 38.3034 38.3470 0.3 12.0 23.75 112.39 
250821-1303 250821-1303_20_5 23.418 0.009 38.3075 38.3613 0.3 10.9 23.42 109.67 
250821-1303 250821-1303_20_6 23.422 0.014 38.2902 38.3420 0.9 8.8 23.52 112.59 
250821-1303 250821-1303_20_7 23.113 0.024 38.3065 38.3668 0.2 9.8 23.32 107.77 
250821-1303 250821-1303_20_8 23.285 0.030 38.2746 38.3309 0.9 11.9 23.38 109.81 
250821-1303 250821-1303_20_9 23.367 0.010 38.2827 38.3382 0.2 10.7 23.39 108.79 
250821-1303 250821-1303_20_10 23.379 0.012 38.2998 38.3539 0.9 11.5 23.50 107.57 
250821-1303 250821-1303_20_11 23.523 0.036 38.3406 38.3852 0.2 11.7 23.75 109.28 
250821-1303 250821-1303_20_12 23.141 0.018 38.2495 38.3115 0.6 11.1 23.22 111.17 
250821-1303 250821-1303_20_13 23.172 0.007 38.2690 38.3301 0.9 15.5 23.30 109.37 
250821-1303 250821-1303_20_14 23.352 0.006 38.2991 38.3540 0.1 12.2 23.45 111.08 
250821-1303 250821-1303_20_15 23.398 0.027 38.2980 38.3506 0.9 11.3 23.48 106.37 
250821-1303 250821-1303_20_16 23.207 0.016 38.2870 38.3479 0.2 12.2 23.23 106.99 
250821-1303 250821-1303_20_17 23.242 0.007 38.3172 38.3759 0.8 9.9 23.37 110.51 
250821-1303 250821-1303_20_18 23.547 0.018 38.3247 38.3721 0.1 11.0 23.65 112.12 
250821-1303 250821-1303_20_19 23.340 0.035 38.2777 38.3318 0.8 12.3 23.41 109.44 
250821-1303 250821-1303_21_0 23.078 0.020 38.3186 38.3801 0.2 9.7 23.29 110.71 
250821-1303 250821-1303_21_1 23.520 0.033 38.3073 38.3554 0.8 13.0 23.61 108.42 
250821-1303 250821-1303_21_2 23.637 0.005 38.3346 38.3810 0.2 11.5 23.66 107.88 
250821-1303 250821-1303_21_3 23.664 0.008 38.3076 38.3501 0.8 12.1 23.78 110.10 
250821-1303 250821-1303_21_4 23.523 0.053 38.3086 38.3520 0.3 10.5 23.76 112.64 
250821-1303 250821-1303_21_5 23.414 0.023 38.2911 38.3434 0.6 11.5 23.48 108.07 
250821-1303 250821-1303_21_6 23.422 0.010 38.2606 38.3124 0.9 10.0 23.53 112.49 
250821-1303 250821-1303_21_7 23.121 0.010 38.3052 38.3678 0.2 10.3 23.23 107.66 
250821-1303 250821-1303_21_8 23.289 0.027 38.3013 38.3576 0.9 11.6 23.38 109.65 
250821-1303 250821-1303_21_9 23.359 0.027 38.2621 38.3179 0.2 8.7 23.38 110.56 
250821-1303 250821-1303_21_10 23.383 0.011 38.2854 38.3393 0.9 13.0 23.50 106.89 
250821-1303 250821-1303_21_11 23.527 0.014 38.3229 38.3705 0.1 10.6 23.66 110.23 
250821-1303 250821-1303_21_12 23.145 0.012 38.2474 38.3097 0.8 9.4 23.23 111.27 
250821-1303 250821-1303_21_13 23.328 0.016 38.2650 38.3218 0.5 12.6 23.34 108.69 
250821-1303 250821-1303_21_14 23.348 0.006 38.2872 38.3419 0.2 11.3 23.45 110.14 
250821-1303 250821-1303_21_15 23.406 0.007 38.3079 38.3616 0.9 12.3 23.45 106.22 
250821-1303 250821-1303_21_16 23.211 0.016 38.2758 38.3366 0.2 10.4 23.25 108.69 
250821-1303 250821-1303_21_17 23.238 0.022 38.3168 38.3743 0.9 11.7 23.41 110.29 
250821-1303 250821-1303_21_18 23.543 0.018 38.2696 38.3170 0.2 13.6 23.66 112.51 
250821-1303 250821-1303_21_19 23.348 0.016 38.2967 38.3518 0.8 11.4 23.38 110.45 
250821-1303 250821-1303_22_0 23.090 0.003 38.3193 38.3832 0.3 10.3 23.20 110.14 
250821-1303 250821-1303_22_1 23.520 0.033 38.2926 38.3407 0.9 11.5 23.61 108.18 
250821-1303 250821-1303_22_2 23.625 0.020 38.3200 38.3668 0.2 11.3 23.66 108.16 
250821-1303 250821-1303_22_3 23.664 0.008 38.3162 38.3587 0.8 10.4 23.78 110.06 
250821-1303 250821-1303_22_4 23.539 0.031 38.3165 38.3630 0.1 10.7 23.66 111.81 
250821-1303 250821-1303_22_5 23.418 0.020 38.3076 38.3600 0.8 11.3 23.48 107.70 
250821-1303 250821-1303_22_6 23.082 0.024 38.3046 38.3698 0.4 8.9 23.12 111.13 
250821-1303 250821-1303_22_7 23.121 0.010 38.2896 38.3522 0.3 13.2 23.24 109.42 
250821-1303 250821-1303_22_8 23.297 0.011 38.3012 38.3583 0.9 11.7 23.35 110.15 
250821-1303 250821-1303_22_9 23.363 0.026 38.2853 38.3409 0.2 10.7 23.38 111.25 
250821-1303 250821-1303_22_10 23.375 0.030 38.3068 38.3595 0.9 9.3 23.53 108.03 
250821-1303 250821-1303_22_11 23.527 0.014 38.3091 38.3566 0.1 12.1 23.66 108.89 
250821-1303 250821-1303_22_12 23.148 0.003 38.3128 38.3759 0.8 9.3 23.20 111.35 
250821-1303 250821-1303_22_13 23.328 0.016 38.2668 38.3237 0.3 14.0 23.35 107.46 
250821-1303 250821-1303_22_14 23.340 0.026 38.2612 38.3153 0.5 13.5 23.51 108.81 
250821-1303 250821-1303_22_15 23.406 0.008 38.2835 38.3372 0.9 12.1 23.45 107.71 
250821-1303 250821-1303_22_16 23.219 0.003 38.2740 38.3345 0.2 13.0 23.26 110.26 
250821-1303 250821-1303_22_17 23.230 0.025 38.3090 38.3666 0.9 9.7 23.41 110.47 
250821-1303 250821-1303_22_18 23.539 0.037 38.3109 38.3554 0.2 11.3 23.73 110.91 
250821-1303 250821-1303_22_19 23.344 0.015 38.2797 38.3349 0.8 13.1 23.38 112.47 
