250821-1301-set0-full 250821-1301_0_0 1759354179 50 1.000 0.000 5.000 0.000 7.000 0.000 5.000 0.100 0.000 0.000 0.000 0.000 0.000 0.000 0.000 0.000 
250821-1301-set0-full 250821-1301_0_0 23.344 0.033 38.2906 38.3469 0.5 11.2 23.34 118.16 
250821-1301-set0-full 250821-1301_0_1 23.352 0.018 38.2721 38.3250 0.2 10.8 23.48 110.58 
250821-1301-set1-full 250821-1301_0_2 23.242 0.003 38.2886 38.3482 0.8 10.4 23.27 116.92 
250821-1301-set2-full 250821-1301_0_3 23.055 0.022 38.2995 38.3656 0.2 8.1 23.07 106.98 
250821-1301-set2-full 250821-1301_0_4 23.066 0.028 38.2235 38.2861 0.8 10.5 23.23 112.81 
250821-1301-set3-full 250821-1301_0_5 23.691 0.039 38.2653 38.3037 0.2 16.9 23.90 113.52 
250821-1301-set4-full 250821-1301_0_6 22.961 0.003 38.2772 38.3467 0.7 20.4 23.03 111.20 
250821-1301-set5-full 250821-1301_0_7 23.469 0.027 38.2654 38.3174 0.3 13.0 23.48 115.71 
250821-1301-set5-full 250821-1301_0_8 23.473 0.037 38.2941 38.3399 0.5 12.6 23.70 115.46 
250821-1301 250821-1301_0_9 23.207 0.004 38.3059 38.3669 0.7 13.3 23.27 115.12 
250821-1301-set7-full 250821-1301_0_10 23.406 0.032 38.2746 38.3288 0.1 14.9 23.42 115.44 
250821-1301-set7-full 250821-1301_0_11 23.406 0.059 38.3024 38.3505 0.9 11.5 23.64 116.16 
250821-1301-set8-full 250821-1301_0_12 23.355 0.031 38.3237 38.3744 0.1 12.4 23.55 115.60 
250821-1301-set9-full 250821-1301_0_13 23.062 0.004 38.2773 38.3430 0.8 16.0 23.12 116.22 
250821-1301-set10-full 250821-1301_0_14 23.004 0.003 38.2361 38.3040 0.1 11.2 23.05 116.82 
250821-1301-set10-full 250821-1301_0_15 23.023 0.026 38.3050 38.3698 0.8 12.4 23.21 117.40 
250821-1301-set11-full 250821-1301_0_16 23.234 0.031 38.2776 38.3332 0.2 15.0 23.43 113.43 
250821-1301-set12-full 250821-1301_0_17 23.094 0.008 38.2282 38.2930 0.1 17.5 23.12 113.16 
250821-1301-set12-full 250821-1301_0_18 23.113 0.013 38.2918 38.3539 0.9 11.1 23.24 114.92 
250821-1301-set13-full 250821-1301_0_19 23.109 0.035 38.2472 38.3063 0.1 19.5 23.34 114.96 
250821-1301-set0-full 250821-1301_1_0 23.344 0.033 38.2712 38.3275 0.3 7.7 23.34 109.37 
250821-1301-set0-full 250821-1301_1_1 23.340 0.037 38.2922 38.3437 0.6 18.0 23.54 114.49 
250821-1301-set1-full 250821-1301_1_2 23.234 0.007 38.2953 38.3550 0.8 16.6 23.27 111.63 
250821-1301-set2-full 250821-1301_1_3 23.070 0.004 38.2485 38.3141 0.1 9.4 23.09 114.84 
250821-1301-set2-full 250821-1301_1_4 23.062 0.030 38.2905 38.3530 0.8 11.9 23.23 115.81 
250821-1301-set3-full 250821-1301_1_5 23.695 0.065 38.2974 38.3314 0.2 12.2 24.01 115.84 
250821-1301-set4-full 250821-1301_1_6 22.961 0.003 38.2674 38.3366 0.7 12.1 23.03 115.04 
250821-1301-set5-full 250821-1301_1_7 23.484 0.010 38.2990 38.3505 0.2 16.3 23.49 111.70 
250821-1301-set5-full 250821-1301_1_8 23.473 0.037 38.3012 38.3469 0.7 12.6 23.70 115.10 
250821-1301 250821-1301_1_9 23.195 0.024 38.3119 38.3693 0.3 12.5 23.40 115.28 
250821-1301-set7-full 250821-1301_1_10 23.406 0.032 38.3209 38.3751 0.1 16.1 23.42 111.21 
250821-1301-set7-full 250821-1301_1_11 23.414 0.037 38.2882 38.3374 0.9 11.2 23.59 115.79 
250821-1301-set8-full 250821-1301_1_12 23.355 0.033 38.3029 38.3537 0.2 13.0 23.55 116.66 
250821-1301-set9-full 250821-1301_1_13 23.059 0.022 38.2977 38.3622 0.8 12.8 23.15 115.42 
250821-1301-set10-full 250821-1301_1_14 23.004 0.004 38.2662 38.3341 0.1 11.7 23.05 116.97 
250821-1301-set10-full 250821-1301_1_15 23.031 0.007 38.2712 38.3369 0.9 13.9 23.17 116.93 
250821-1301-set11-full 250821-1301_1_16 23.234 0.031 38.3091 38.3646 0.2 14.8 23.43 112.85 
250821-1301-set12-full 250821-1301_1_17 23.094 0.023 38.2391 38.3023 0.5 17.9 23.18 114.98 
250821-1301-set12-full 250821-1301_1_18 23.117 0.014 38.3219 38.3841 1.0 14.0 23.25 114.27 
250821-1301-set13-full 250821-1301_1_19 23.121 0.018 38.3100 38.3716 0.2 10.1 23.26 109.56 
250821-1301-set0-full 250821-1301_2_0 23.352 0.015 38.2773 38.3333 0.2 8.8 23.35 107.60 
250821-1301-set0-full 250821-1301_2_1 23.336 0.041 38.3195 38.3709 0.7 13.5 23.54 116.10 
250821-1301-set1-full 250821-1301_2_2 23.227 0.028 38.2550 38.3116 0.3 11.9 23.40 114.91 
250821-1301-set2-full 250821-1301_2_3 23.074 0.003 38.2515 38.3170 0.2 16.7 23.09 115.75 
250821-1301-set2-full 250821-1301_2_4 23.078 0.008 38.2865 38.3500 0.8 12.8 23.20 117.42 
250821-1301-set3-full 250821-1301_2_5 23.699 0.061 38.3584 38.3924 0.2 12.1 24.00 117.17 
250821-1301-set4-full 250821-1301_2_6 22.938 0.025 38.2531 38.3216 0.7 10.9 23.06 115.46 
250821-1301-set5-full 250821-1301_2_7 23.484 0.010 38.3018 38.3534 0.2 18.5 23.48 111.60 
250821-1301-set5-full 250821-1301_2_8 23.488 0.014 38.2559 38.3024 0.7 15.0 23.66 115.26 
250821-1301 250821-1301_2_9 23.195 0.024 38.2946 38.3519 0.2 11.2 23.40 116.41 
250821-1301-set7-full 250821-1301_2_10 23.398 0.059 38.3044 38.3548 0.6 19.0 23.52 111.80 
250821-1301-set7-full 250821-1301_2_11 23.422 0.033 38.2890 38.3381 0.9 15.0 23.59 115.17 
250821-1301-set8-full 250821-1301_2_12 23.363 0.014 38.3221 38.3755 0.1 11.8 23.48 111.16 
250821-1301-set9-full 250821-1301_2_13 23.055 0.027 38.2966 38.3609 0.8 12.7 23.16 115.69 
250821-1301-set10-full 250821-1301_2_14 23.004 0.016 38.2884 38.3562 0.1 11.8 23.04 117.67 
250821-1301-set10-full 250821-1301_2_15 23.031 0.008 38.2679 38.3332 0.8 15.3 23.17 115.48 
250821-1301-set11-full 250821-1301_2_16 23.238 0.014 38.2719 38.3300 -0.1 15.5 23.35 113.80 
250821-1301-set12-full 250821-1301_2_17 23.094 0.022 38.3145 38.3778 0.8 16.4 23.19 116.84 
250821-1301-set13-full 250821-1301_2_18 23.082 0.033 38.2575 38.3228 0.5 12.2 23.12 115.26 
250821-1301-set13-full 250821-1301_2_19 23.117 0.019 38.3092 38.3708 0.1 9.0 23.26 108.60 
250821-1301-set0-full 250821-1301_3_0 23.352 0.015 38.2413 38.2974 0.2 6.7 23.35 109.03 
250821-1301-set0-full 250821-1301_3_1 23.355 0.018 38.2948 38.3470 0.8 9.9 23.50 108.56 
250821-1301-set1-full 250821-1301_3_2 23.223 0.027 38.3029 38.3594 0.2 12.9 23.40 117.14 
250821-1301-set2-full 250821-1301_3_3 23.062 0.018 38.2980 38.3627 0.5 20.3 23.14 111.53 
250821-1301-set2-full 250821-1301_3_4 23.082 0.007 38.2585 38.3217 0.8 10.5 23.20 116.43 
250821-1301-set3-full 250821-1301_3_5 23.695 0.035 38.2718 38.3099 0.2 15.5 23.89 114.24 
250821-1301-set4-full 250821-1301_3_6 22.941 0.025 38.2868 38.3551 0.7 14.4 23.06 115.11 
250821-1301-set5-full 250821-1301_3_7 23.477 0.023 38.2552 38.3070 0.2 12.6 23.48 114.71 
250821-1301-set5-full 250821-1301_3_8 23.492 0.015 38.3293 38.3755 0.7 17.8 23.66 111.00 
250821-1301 250821-1301_3_9 23.207 0.007 38.3058 38.3656 0.1 14.4 23.32 111.74 
250821-1301-set7-full 250821-1301_3_10 23.395 0.059 38.2394 38.2900 0.7 23.9 23.52 114.51 
250821-1301-set8-full 250821-1301_3_11 23.352 0.027 38.2750 38.3310 0.4 11.9 23.36 116.57 
250821-1301-set8-full 250821-1301_3_12 23.363 0.014 38.2535 38.3069 0.1 15.3 23.48 114.92 
250821-1301-set9-full 250821-1301_3_13 23.066 0.007 38.2760 38.3413 0.8 14.1 23.12 116.01 
250821-1301-set10-full 250821-1301_3_14 23.004 0.018 38.2451 38.3129 0.1 13.1 23.04 116.37 
250821-1301-set10-full 250821-1301_3_15 23.031 0.024 38.2965 38.3608 0.9 14.4 23.21 115.01 
250821-1301-set11-full 250821-1301_3_16 23.242 0.012 38.2719 38.3298 0.0 10.6 23.35 115.45 
250821-1301-set12-full 250821-1301_3_17 23.105 0.006 38.2552 38.3192 0.8 18.1 23.16 115.68 
250821-1301-set13-full 250821-1301_3_18 23.086 0.033 38.2831 38.3481 0.1 11.9 23.12 115.40 
250821-1301-set13-full 250821-1301_3_19 23.113 0.036 38.2821 38.3434 0.5 11.0 23.30 115.15 
250821-1301-set0-full 250821-1301_4_0 23.344 0.031 38.3192 38.3755 0.2 9.5 23.34 107.44 
250821-1301-set0-full 250821-1301_4_1 23.355 0.016 38.2522 38.3044 0.8 11.0 23.50 106.34 
250821-1301-set1-full 250821-1301_4_2 23.234 0.010 38.2500 38.3089 0.1 13.3 23.32 116.03 
250821-1301-set2-full 250821-1301_4_3 23.066 0.018 38.2780 38.3425 0.7 14.9 23.14 114.92 
250821-1301-set3-full 250821-1301_4_4 23.684 0.062 38.2868 38.3315 0.5 10.3 23.70 114.98 
250821-1301-set3-full 250821-1301_4_5 23.699 0.035 38.2835 38.3214 0.2 13.9 23.90 113.02 
250821-1301-set4-full 250821-1301_4_6 22.961 0.004 38.2880 38.3570 0.8 12.5 23.04 115.40 
250821-1301-set5-full 250821-1301_4_7 23.477 0.023 38.2745 38.3263 0.2 12.6 23.48 114.43 
250821-1301-set5-full 250821-1301_4_8 23.469 0.039 38.2437 38.2891 0.8 13.6 23.70 115.62 
250821-1301 250821-1301_4_9 23.211 0.004 38.2984 38.3582 0.2 22.6 23.32 115.66 
250821-1301-set7-full 250821-1301_4_10 23.410 0.030 38.2441 38.2962 0.8 20.4 23.50 113.98 
250821-1301-set8-full 250821-1301_4_11 23.348 0.027 38.2904 38.3465 0.2 12.4 23.36 116.83 
250821-1301-set8-full 250821-1301_4_12 23.355 0.033 38.3031 38.3554 0.5 15.2 23.53 115.54 
250821-1301-set9-full 250821-1301_4_13 23.070 0.007 38.2320 38.2973 0.8 14.0 23.13 115.66 
250821-1301-set10-full 250821-1301_4_14 23.012 0.004 38.2586 38.3262 0.1 14.4 23.05 114.80 
250821-1301-set10-full 250821-1301_4_15 23.027 0.024 38.2644 38.3285 1.0 10.9 23.22 115.24 
250821-1301-set11-full 250821-1301_4_16 23.238 0.028 38.2917 38.3473 0.0 11.2 23.44 115.41 
250821-1301-set12-full 250821-1301_4_17 23.102 0.010 38.2633 38.3272 0.8 17.1 23.16 114.27 
250821-1301-set13-full 250821-1301_4_18 23.094 0.015 38.2663 38.3311 0.1 12.8 23.14 115.89 
250821-1301-set13-full 250821-1301_4_19 23.113 0.034 38.3040 38.3648 0.8 12.5 23.30 114.18 
250821-1301-set0-full 250821-1301_5_0 23.344 0.033 38.2880 38.3443 0.2 7.7 23.34 107.12 
250821-1301-set0-full 250821-1301_5_1 23.344 0.035 38.3064 38.3574 0.8 21.6 23.54 114.30 
250821-1301-set1-full 250821-1301_5_2 23.234 0.010 38.2578 38.3167 0.1 13.6 23.33 114.73 
250821-1301-set2-full 250821-1301_5_3 23.070 0.000 38.3212 38.3868 0.7 13.0 23.11 115.00 
250821-1301-set3-full 250821-1301_5_4 23.684 0.062 38.3037 38.3485 0.3 11.6 23.70 116.13 
250821-1301-set3-full 250821-1301_5_5 23.695 0.065 38.3273 38.3606 0.6 10.8 24.02 115.12 
250821-1301-set4-full 250821-1301_5_6 22.965 0.006 38.2614 38.3304 0.7 11.9 23.04 115.40 
250821-1301-set5-full 250821-1301_5_7 23.484 0.012 38.3417 38.3932 0.2 13.9 23.49 111.44 
250821-1301-set5-full 250821-1301_5_8 23.477 0.035 38.3372 38.3825 0.7 13.2 23.70 115.64 
250821-1301 250821-1301_5_9 23.199 0.022 38.3201 38.3771 0.2 10.9 23.41 116.42 
250821-1301-set7-full 250821-1301_5_10 23.402 0.034 38.2425 38.2945 0.8 17.5 23.49 113.67 
250821-1301-set8-full 250821-1301_5_11 23.355 0.010 38.2493 38.3052 0.2 9.8 23.37 116.05 
250821-1301-set8-full 250821-1301_5_12 23.359 0.031 38.2921 38.3443 0.7 11.5 23.54 116.73 
250821-1301-set9-full 250821-1301_5_13 23.062 0.027 38.2539 38.3155 0.1 12.9 23.27 115.19 
250821-1301-set10-full 250821-1301_5_14 23.008 0.003 38.2434 38.3112 0.0 15.4 23.05 112.98 
250821-1301-set10-full 250821-1301_5_15 23.039 0.008 38.2771 38.3421 0.9 11.2 23.17 116.66 
250821-1301-set11-full 250821-1301_5_16 23.234 0.031 38.2836 38.3390 0.1 11.5 23.44 114.78 
250821-1301-set12-full 250821-1301_5_17 23.094 0.027 38.2737 38.3366 0.8 16.8 23.19 114.60 
250821-1301-set13-full 250821-1301_5_18 23.094 0.018 38.2791 38.3439 0.1 9.7 23.13 108.96 
250821-1301-set13-full 250821-1301_5_19 23.125 0.018 38.2381 38.2998 0.9 9.4 23.27 109.48 
250821-1301-set0-full 250821-1301_6_0 23.359 0.008 38.2410 38.2968 0.1 16.4 23.35 113.65 
250821-1301-set0-full 250821-1301_6_1 23.344 0.035 38.3051 38.3561 0.9 8.8 23.54 108.15 
250821-1301-set1-full 250821-1301_6_2 23.227 0.027 38.2819 38.3380 0.1 20.8 23.41 111.00 
250821-1301-set2-full 250821-1301_6_3 23.070 0.003 38.2812 38.3467 0.8 15.4 23.11 114.98 
250821-1301-set3-full 250821-1301_6_4 23.684 0.031 38.3033 38.3481 0.2 11.5 23.70 115.75 
250821-1301-set3-full 250821-1301_6_5 23.699 0.061 38.2642 38.2974 0.7 13.0 24.02 114.10 
250821-1301-set4-full 250821-1301_6_6 22.945 0.027 38.2363 38.3020 0.3 15.8 23.16 114.35 
250821-1301-set5-full 250821-1301_6_7 23.488 0.007 38.2897 38.3411 0.3 9.9 23.49 115.13 
250821-1301-set5-full 250821-1301_6_8 23.488 0.018 38.2973 38.3434 0.8 9.2 23.66 115.63 
250821-1301 250821-1301_6_9 23.199 0.024 38.2965 38.3534 0.2 12.7 23.41 116.07 
250821-1301-set7-full 250821-1301_6_10 23.398 0.059 38.2743 38.3247 0.8 16.9 23.53 114.33 
250821-1301-set8-full 250821-1301_6_11 23.355 0.010 38.2804 38.3363 0.2 11.6 23.37 115.37 
250821-1301-set8-full 250821-1301_6_12 23.363 0.014 38.2883 38.3417 0.8 10.4 23.49 116.31 
250821-1301-set9-full 250821-1301_6_13 23.062 0.027 38.2330 38.2946 0.1 13.3 23.27 113.32 
250821-1301-set10-full 250821-1301_6_14 23.008 0.016 38.2328 38.2995 0.5 14.3 23.09 113.51 
250821-1301-set10-full 250821-1301_6_15 23.039 0.008 38.2672 38.3319 0.9 13.6 23.18 115.21 
250821-1301-set11-full 250821-1301_6_16 23.242 0.012 38.3351 38.3928 0.1 13.9 23.35 114.50 
250821-1301-set12-full 250821-1301_6_17 23.094 0.027 38.2631 38.3260 0.8 13.1 23.19 116.22 
250821-1301-set13-full 250821-1301_6_18 23.090 0.033 38.2329 38.2978 0.0 15.0 23.12 111.71 
250821-1301-set13-full 250821-1301_6_19 23.125 0.020 38.2459 38.3075 0.9 8.5 23.27 107.58 
250821-1301-set0-full 250821-1301_7_0 23.359 0.010 38.3145 38.3703 0.1 17.3 23.35 115.02 
250821-1301-set0-full 250821-1301_7_1 23.359 0.012 38.2755 38.3274 0.8 9.2 23.51 107.38 
250821-1301-set1-full 250821-1301_7_2 23.227 0.027 38.2613 38.3173 0.2 11.7 23.41 116.87 
250821-1301-set2-full 250821-1301_7_3 23.062 0.022 38.2569 38.3213 0.8 12.4 23.14 115.13 
250821-1301-set3-full 250821-1301_7_4 23.680 0.035 38.2678 38.3126 0.2 16.6 23.70 116.05 
250821-1301-set3-full 250821-1301_7_5 23.695 0.035 38.3487 38.3848 0.7 10.3 23.95 116.10 
250821-1301-set4-full 250821-1301_7_6 22.945 0.026 38.2627 38.3283 0.2 10.4 23.16 115.39 
250821-1301-set5-full 250821-1301_7_7 23.477 0.023 38.2876 38.3378 0.6 11.4 23.55 115.42 
250821-1301-set5-full 250821-1301_7_8 23.492 0.014 38.2765 38.3226 0.8 9.2 23.66 114.86 
250821-1301 250821-1301_7_9 23.211 0.007 38.2894 38.3488 0.2 11.0 23.33 115.19 
250821-1301-set7-full 250821-1301_7_10 23.398 0.061 38.2791 38.3294 0.8 10.0 23.53 106.08 
250821-1301-set8-full 250821-1301_7_11 23.355 0.025 38.2921 38.3480 0.1 13.2 23.36 116.11 
250821-1301-set8-full 250821-1301_7_12 23.363 0.014 38.2775 38.3309 0.8 11.4 23.49 115.48 
250821-1301-set9-full 250821-1301_7_13 23.066 0.014 38.2764 38.3405 0.0 9.7 23.18 114.87 
250821-1301-set10-full 250821-1301_7_14 23.008 0.016 38.2230 38.2896 0.8 14.2 23.10 114.43 
250821-1301-set11-full 250821-1301_7_15 23.219 0.027 38.2324 38.2929 0.4 14.3 23.23 116.49 
250821-1301-set11-full 250821-1301_7_16 23.242 0.012 38.2926 38.3502 0.1 15.3 23.36 115.00 
250821-1301-set12-full 250821-1301_7_17 23.102 0.011 38.2893 38.3530 0.9 8.2 23.17 109.57 
250821-1301-set13-full 250821-1301_7_18 23.094 0.029 38.2241 38.2889 0.1 12.4 23.12 115.72 
250821-1301-set13-full 250821-1301_7_19 23.117 0.035 38.3003 38.3609 0.9 8.6 23.30 109.96 
250821-1301-set0-full 250821-1301_8_0 23.348 0.033 38.2774 38.3313 0.6 13.0 23.43 117.97 
250821-1301-set0-full 250821-1301_8_1 23.359 0.014 38.2736 38.3254 0.8 9.9 23.51 108.96 
250821-1301-set1-full 250821-1301_8_2 23.234 0.008 38.2873 38.3460 0.1 8.2 23.33 106.87 
250821-1301-set2-full 250821-1301_8_3 23.059 0.024 38.2564 38.3208 0.8 11.4 23.14 106.46 
250821-1301-set3-full 250821-1301_8_4 23.691 0.060 38.2722 38.3167 0.3 12.1 23.70 116.19 
250821-1301-set3-full 250821-1301_8_5 23.703 0.035 38.3088 38.3449 0.8 11.6 23.95 115.23 
250821-1301-set4-full 250821-1301_8_6 22.969 0.008 38.2891 38.3568 0.1 9.6 23.09 114.83 
250821-1301-set5-full 250821-1301_8_7 23.477 0.027 38.2526 38.3025 0.7 12.5 23.55 115.99 
250821-1301 250821-1301_8_8 23.176 0.022 38.2683 38.3303 0.4 10.8 23.21 115.98 
250821-1301 250821-1301_8_9 23.219 0.000 38.3170 38.3762 0.2 11.2 23.34 115.67 
250821-1301-set7-full 250821-1301_8_10 23.410 0.037 38.2559 38.3075 0.8 13.8 23.50 115.52 
250821-1301-set8-full 250821-1301_8_11 23.352 0.027 38.2926 38.3486 0.1 11.4 23.37 116.37 
250821-1301-set8-full 250821-1301_8_12 23.359 0.031 38.3182 38.3699 0.8 12.4 23.55 116.49 
250821-1301-set9-full 250821-1301_8_13 23.070 0.012 38.2662 38.3301 0.1 12.8 23.20 115.35 
250821-1301-set10-full 250821-1301_8_14 23.016 0.003 38.3039 38.3715 0.8 18.8 23.07 115.54 
250821-1301-set11-full 250821-1301_8_15 23.227 0.025 38.2477 38.3080 0.2 13.9 23.24 116.55 
250821-1301-set11-full 250821-1301_8_16 23.238 0.030 38.3004 38.3574 0.5 13.7 23.41 115.62 
250821-1301-set12-full 250821-1301_8_17 23.102 0.011 38.2505 38.3142 0.9 16.0 23.16 115.18 
250821-1301-set13-full 250821-1301_8_18 23.102 0.015 38.2287 38.2933 0.1 11.7 23.14 115.75 
250821-1301-set13-full 250821-1301_8_19 23.117 0.035 38.2283 38.2887 1.0 11.4 23.30 108.93 
250821-1301-set0-full 250821-1301_9_0 23.348 0.029 38.2908 38.3449 0.7 16.0 23.42 115.45 
250821-1301-set1-full 250821-1301_9_1 23.227 0.019 38.2698 38.3301 0.5 13.3 23.23 117.32 
250821-1301-set1-full 250821-1301_9_2 23.238 0.007 38.2375 38.2961 0.2 13.6 23.33 115.04 
250821-1301-set2-full 250821-1301_9_3 23.074 0.004 38.2697 38.3352 0.8 15.3 23.11 115.59 
250821-1301-set3-full 250821-1301_9_4 23.691 0.060 38.3261 38.3705 0.2 13.1 23.70 115.42 
250821-1301-set3-full 250821-1301_9_5 23.699 0.063 38.2998 38.3330 0.8 10.4 24.02 115.04 
250821-1301-set4-full 250821-1301_9_6 22.973 0.006 38.2618 38.3295 0.1 12.6 23.10 115.02 
250821-1301-set5-full 250821-1301_9_7 23.492 0.008 38.2850 38.3357 0.7 11.7 23.53 115.01 
250821-1301 250821-1301_9_8 23.180 0.020 38.2489 38.3107 0.2 12.1 23.21 115.95 
250821-1301 250821-1301_9_9 23.203 0.024 38.2362 38.2944 0.5 13.2 23.40 114.81 
250821-1301-set7-full 250821-1301_9_10 23.410 0.037 38.2863 38.3378 0.8 9.6 23.50 108.93 
250821-1301-set8-full 250821-1301_9_11 23.359 0.008 38.3376 38.3934 0.2 11.4 23.37 116.66 
250821-1301-set8-full 250821-1301_9_12 23.359 0.034 38.3155 38.3672 0.8 14.2 23.54 115.09 
250821-1301-set9-full 250821-1301_9_13 23.066 0.026 38.2862 38.3476 0.1 10.4 23.27 116.97 
250821-1301-set10-full 250821-1301_9_14 23.016 0.004 38.2826 38.3498 0.8 12.9 23.08 116.91 
250821-1301-set11-full 250821-1301_9_15 23.230 0.009 38.2298 38.2900 0.1 10.6 23.24 109.15 
250821-1301-set11-full 250821-1301_9_16 23.238 0.028 38.2433 38.3001 0.8 7.3 23.41 109.54 
250821-1301-set12-full 250821-1301_9_17 23.098 0.031 38.2786 38.3391 0.2 17.1 23.29 115.81 
250821-1301-set13-full 250821-1301_9_18 23.109 0.010 38.2455 38.3098 0.1 14.5 23.15 112.88 
250821-1301-set13-full 250821-1301_9_19 23.129 0.020 38.2535 38.3146 0.9 8.0 23.28 106.98 
250821-1301-set0-full 250821-1301_10_0 23.359 0.008 38.2422 38.2975 0.8 11.2 23.40 115.69 
250821-1301-set1-full 250821-1301_10_1 23.227 0.021 38.2699 38.3302 0.3 13.0 23.23 116.22 
250821-1301-set1-full 250821-1301_10_2 23.227 0.027 38.3068 38.3648 0.5 14.0 23.38 114.41 
250821-1301-set2-full 250821-1301_10_3 23.070 0.003 38.2212 38.2867 0.8 13.0 23.12 115.11 
250821-1301-set3-full 250821-1301_10_4 23.688 0.031 38.2602 38.3048 0.2 7.9 23.70 106.02 
250821-1301-set3-full 250821-1301_10_5 23.699 0.065 38.2566 38.2897 0.8 16.1 24.02 112.74 
250821-1301-set4-full 250821-1301_10_6 22.949 0.028 38.2510 38.3162 0.2 9.9 23.18 115.61 
250821-1301-set5-full 250821-1301_10_7 23.488 0.010 38.3013 38.3520 0.8 25.8 23.52 110.81 
250821-1301 250821-1301_10_8 23.188 0.000 38.2805 38.3421 0.2 11.6 23.23 115.14 
250821-1301 250821-1301_10_9 23.203 0.024 38.2460 38.3041 0.7 15.8 23.39 114.32 
250821-1301-set7-full 250821-1301_10_10 23.398 0.061 38.3205 38.3672 0.3 8.2 23.66 107.36 
250821-1301-set8-full 250821-1301_10_11 23.359 0.008 38.2804 38.3362 0.2 13.2 23.38 116.05 
250821-1301-set8-full 250821-1301_10_12 23.363 0.016 38.2750 38.3279 0.8 13.7 23.49 113.52 
250821-1301-set9-full 250821-1301_10_13 23.062 0.027 38.2432 38.3043 0.1 14.4 23.27 113.08 
250821-1301-set10-full 250821-1301_10_14 23.012 0.020 38.2941 38.3603 0.8 13.1 23.11 115.62 
250821-1301-set11-full 250821-1301_10_15 23.227 0.011 38.2648 38.3251 0.1 15.6 23.25 114.99 
250821-1301-set11-full 250821-1301_10_16 23.242 0.014 38.2652 38.3227 0.9 8.7 23.38 109.00 
250821-1301-set12-full 250821-1301_10_17 23.098 0.027 38.2496 38.3102 0.1 15.6 23.30 115.76 
250821-1301-set13-full 250821-1301_10_18 23.105 0.028 38.2570 38.3195 0.5 13.5 23.21 116.19 
250821-1301-set13-full 250821-1301_10_19 23.133 0.016 38.2470 38.3081 1.0 14.6 23.28 112.03 
250821-1301-set0-full 250821-1301_11_0 23.355 0.014 38.2866 38.3416 0.8 9.4 23.39 110.45 
250821-1301-set1-full 250821-1301_11_1 23.234 0.004 38.2509 38.3110 0.1 13.5 23.24 115.75 
250821-1301-set1-full 250821-1301_11_2 23.227 0.027 38.2717 38.3296 0.7 12.2 23.38 114.91 
250821-1301-set2-full 250821-1301_11_3 23.062 0.024 38.2574 38.3193 0.2 13.3 23.24 115.36 
250821-1301-set3-full 250821-1301_11_4 23.691 0.029 38.2437 38.2882 0.2 6.9 23.71 105.19 
250821-1301-set3-full 250821-1301_11_5 23.703 0.033 38.2676 38.3035 0.8 13.8 23.95 115.29 
250821-1301-set4-full 250821-1301_11_6 22.949 0.030 38.2396 38.3045 0.2 11.1 23.18 116.93 
250821-1301-set5-full 250821-1301_11_7 23.477 0.027 38.2618 38.3117 0.8 14.0 23.55 115.67 
250821-1301 250821-1301_11_8 23.191 0.003 38.2504 38.3118 0.2 11.7 23.23 116.30 
250821-1301 250821-1301_11_9 23.223 0.003 38.2343 38.2933 0.7 11.9 23.35 115.01 
250821-1301-set7-full 250821-1301_11_10 23.402 0.061 38.2860 38.3326 0.2 8.0 23.66 107.00 
250821-1301-set8-full 250821-1301_11_11 23.359 0.023 38.3024 38.3566 0.6 8.0 23.43 108.88 
250821-1301-set8-full 250821-1301_11_12 23.367 0.012 38.2540 38.3069 0.8 13.4 23.49 115.60 
250821-1301-set9-full 250821-1301_11_13 23.078 0.008 38.2573 38.3211 0.2 10.5 23.20 115.62 
250821-1301-set10-full 250821-1301_11_14 23.012 0.020 38.2315 38.2977 0.8 14.4 23.11 115.38 
250821-1301-set11-full 250821-1301_11_15 23.230 0.021 38.2878 38.3479 0.1 10.4 23.23 117.29 
250821-1301-set11-full 250821-1301_11_16 23.246 0.012 38.2848 38.3424 0.9 9.1 23.38 109.65 
250821-1301-set12-full 250821-1301_11_17 23.105 0.014 38.2803 38.3433 -0.0 11.8 23.22 115.22 
250821-1301-set13-full 250821-1301_11_18 23.098 0.031 38.2296 38.2922 0.7 11.6 23.20 109.35 
250821-1301 250821-1301_11_19 22.926 0.012 38.2895 38.3600 0.7 10.4 22.94 109.39 
250821-1301-set0-full 250821-1301_12_0 23.344 0.033 38.3196 38.3736 0.8 15.2 23.42 117.54 
250821-1301-set1-full 250821-1301_12_1 23.234 0.004 38.2622 38.3223 0.2 12.8 23.24 116.23 
250821-1301-set1-full 250821-1301_12_2 23.234 0.008 38.2832 38.3417 0.8 10.7 23.35 117.38 
250821-1301-set2-full 250821-1301_12_3 23.059 0.025 38.2577 38.3196 0.2 11.8 23.24 114.99 
250821-1301-set3-full 250821-1301_12_4 23.695 0.059 38.2633 38.3037 0.5 13.7 23.83 113.79 
250821-1301-set3-full 250821-1301_12_5 23.699 0.037 38.3348 38.3706 0.8 11.5 23.95 116.09 
250821-1301-set4-full 250821-1301_12_6 22.977 0.004 38.3058 38.3733 0.2 13.2 23.11 111.23 
250821-1301-set5-full 250821-1301_12_7 23.477 0.031 38.2405 38.2902 0.7 17.6 23.56 114.10 
250821-1301 250821-1301_12_8 23.184 0.016 38.2418 38.3035 0.2 17.2 23.22 115.27 
250821-1301 250821-1301_12_9 23.219 0.004 38.3084 38.3673 0.8 6.3 23.35 106.97 
250821-1301-set7-full 250821-1301_12_10 23.410 0.039 38.3083 38.3580 0.1 13.1 23.58 116.39 
250821-1301-set8-full 250821-1301_12_11 23.359 0.026 38.2779 38.3320 0.7 16.2 23.43 115.74 
250821-1301-set9-full 250821-1301_12_12 23.047 0.022 38.2298 38.2962 0.4 13.3 23.08 115.80 
250821-1301-set9-full 250821-1301_12_13 23.078 0.008 38.3181 38.3818 0.1 12.1 23.20 116.66 
250821-1301-set10-full 250821-1301_12_14 23.023 0.003 38.2315 38.2986 0.8 11.7 23.08 115.14 
250821-1301-set11-full 250821-1301_12_15 23.230 0.025 38.2695 38.3297 0.1 10.7 23.24 115.46 
250821-1301-set11-full 250821-1301_12_16 23.238 0.030 38.2379 38.2943 0.9 16.0 23.41 114.43 
250821-1301-set12-full 250821-1301_12_17 23.105 0.018 38.2654 38.3281 0.1 17.1 23.23 115.34 
250821-1301-set13-full 250821-1301_12_18 23.109 0.012 38.2708 38.3342 0.8 10.0 23.18 109.01 
250821-1301 250821-1301_12_19 22.926 0.012 38.2411 38.3117 0.3 12.6 22.95 117.01 
250821-1301-set0-full 250821-1301_13_0 23.344 0.035 38.2810 38.3349 0.8 11.9 23.43 115.09 
250821-1301-set1-full 250821-1301_13_1 23.227 0.021 38.2562 38.3165 0.2 9.6 23.23 115.96 
250821-1301-set1-full 250821-1301_13_2 23.234 0.010 38.2980 38.3564 0.8 12.7 23.35 116.38 
250821-1301-set2-full 250821-1301_13_3 23.074 0.007 38.2844 38.3487 0.2 12.5 23.16 117.18 
250821-1301-set3-full 250821-1301_13_4 23.691 0.062 38.2411 38.2814 0.7 8.5 23.83 110.93 
250821-1301-set4-full 250821-1301_13_5 22.910 0.028 38.3079 38.3789 0.4 12.2 22.98 116.72 
250821-1301-set4-full 250821-1301_13_6 22.977 0.008 38.2879 38.3551 0.2 7.5 23.11 108.70 
250821-1301-set5-full 250821-1301_13_7 23.492 0.012 38.2364 38.2869 0.8 11.4 23.53 105.48 
250821-1301 250821-1301_13_8 23.188 0.016 38.2379 38.2996 0.1 15.6 23.22 113.87 
250821-1301 250821-1301_13_9 23.207 0.026 38.2374 38.2950 0.8 12.3 23.40 113.65 
250821-1301-set7-full 250821-1301_13_10 23.410 0.039 38.3123 38.3617 0.1 8.8 23.58 107.15 
250821-1301-set8-full 250821-1301_13_11 23.363 0.009 38.2628 38.3179 0.8 18.4 23.41 114.64 
250821-1301-set9-full 250821-1301_13_12 23.047 0.024 38.3043 38.3707 0.2 7.9 23.08 112.22 
250821-1301-set9-full 250821-1301_13_13 23.070 0.026 38.2775 38.3402 0.5 11.7 23.25 116.43 
250821-1301-set10-full 250821-1301_13_14 23.023 0.003 38.2587 38.3258 0.8 14.9 23.09 115.57 
250821-1301-set11-full 250821-1301_13_15 23.230 0.010 38.2828 38.3429 0.2 12.7 23.25 116.78 
250821-1301-set11-full 250821-1301_13_16 23.242 0.031 38.2891 38.3454 0.9 14.0 23.41 115.13 
250821-1301-set12-full 250821-1301_13_17 23.098 0.031 38.2917 38.3518 0.1 13.4 23.30 115.60 
250821-1301-set13-full 250821-1301_13_18 23.109 0.012 38.2730 38.3364 0.8 15.4 23.18 116.41 
250821-1301 250821-1301_13_19 22.938 0.004 38.2479 38.3180 0.1 12.4 22.95 116.99 
250821-1301-set0-full 250821-1301_14_0 23.355 0.014 38.2824 38.3374 0.8 16.3 23.40 115.20 
250821-1301-set1-full 250821-1301_14_1 23.227 0.019 38.2625 38.3228 0.2 13.5 23.23 116.32 
250821-1301-set1-full 250821-1301_14_2 23.227 0.031 38.2492 38.3067 0.8 15.4 23.38 114.27 
250821-1301-set2-full 250821-1301_14_3 23.074 0.009 38.2985 38.3628 0.1 14.2 23.17 115.35 
250821-1301-set3-full 250821-1301_14_4 23.695 0.028 38.3008 38.3433 0.7 14.3 23.77 116.33 
250821-1301-set4-full 250821-1301_14_5 22.918 0.024 38.2263 38.2971 0.3 10.2 22.97 116.93 
250821-1301-set4-full 250821-1301_14_6 22.961 0.026 38.2431 38.3098 0.5 10.3 23.16 116.67 
250821-1301-set5-full 250821-1301_14_7 23.484 0.017 38.2946 38.3451 0.8 10.6 23.53 114.87 
250821-1301 250821-1301_14_8 23.195 0.003 38.2467 38.3080 0.1 14.2 23.23 115.46 
250821-1301 250821-1301_14_9 23.211 0.024 38.2541 38.3117 0.8 8.0 23.41 106.65 
250821-1301-set7-full 250821-1301_14_10 23.402 0.061 38.3200 38.3663 0.2 9.3 23.66 109.95 
250821-1301-set8-full 250821-1301_14_11 23.363 0.009 38.2477 38.3028 0.8 13.2 23.41 116.48 
250821-1301-set9-full 250821-1301_14_12 23.055 0.003 38.2617 38.3278 0.1 14.8 23.09 116.06 
250821-1301-set9-full 250821-1301_14_13 23.070 0.026 38.2582 38.3206 0.7 14.8 23.25 113.32 
250821-1301-set10-full 250821-1301_14_14 23.016 0.023 38.2376 38.3014 0.2 14.0 23.21 115.84 
250821-1301-set11-full 250821-1301_14_15 23.234 0.007 38.3021 38.3622 0.0 11.8 23.26 117.11 
250821-1301-set11-full 250821-1301_14_16 23.246 0.014 38.2861 38.3432 0.9 12.7 23.38 114.66 
250821-1301-set12-full 250821-1301_14_17 23.102 0.029 38.2652 38.3251 0.1 13.8 23.30 115.31 
250821-1301-set13-full 250821-1301_14_18 23.102 0.035 38.2344 38.2965 0.9 12.1 23.21 116.71 
250821-1301 250821-1301_14_19 22.934 0.004 38.2240 38.2942 0.1 17.7 22.95 112.71 
250821-1301-set0-full 250821-1301_15_0 23.359 0.014 38.2589 38.3137 0.8 10.2 23.39 116.73 
250821-1301-set1-full 250821-1301_15_1 23.230 0.005 38.3156 38.3757 0.2 7.5 23.24 106.98 
250821-1301-set1-full 250821-1301_15_2 23.227 0.027 38.2317 38.2892 0.8 8.7 23.38 111.20 
250821-1301-set2-full 250821-1301_15_3 23.059 0.029 38.2881 38.3497 0.2 11.3 23.26 115.18 
250821-1301-set3-full 250821-1301_15_4 23.691 0.031 38.2785 38.3208 0.7 12.7 23.77 116.82 
250821-1301-set4-full 250821-1301_15_5 22.938 0.006 38.2805 38.3506 0.2 9.7 23.00 116.72 
250821-1301-set4-full 250821-1301_15_6 22.961 0.027 38.2237 38.2904 0.7 8.0 23.16 109.34 
250821-1301-set5-full 250821-1301_15_7 23.477 0.033 38.2851 38.3310 0.3 9.5 23.69 107.89 
250821-1301 250821-1301_15_8 23.199 0.003 38.2637 38.3249 0.2 12.3 23.23 116.71 
250821-1301 250821-1301_15_9 23.223 0.005 38.2863 38.3447 0.8 9.7 23.36 109.88 
250821-1301-set7-full 250821-1301_15_10 23.398 0.065 38.2886 38.3350 0.2 13.3 23.67 115.28 
250821-1301-set8-full 250821-1301_15_11 23.355 0.028 38.2683 38.3224 0.8 16.5 23.45 115.32 
250821-1301-set9-full 250821-1301_15_12 23.055 0.006 38.2933 38.3594 0.2 8.1 23.09 108.68 
250821-1301-set9-full 250821-1301_15_13 23.078 0.008 38.2910 38.3542 0.8 9.7 23.23 108.27 
250821-1301-set10-full 250821-1301_15_14 23.016 0.023 38.2911 38.3548 0.1 8.6 23.22 109.30 
250821-1301-set11-full 250821-1301_15_15 23.238 0.022 38.2656 38.3241 0.5 13.6 23.31 114.98 
250821-1301-set11-full 250821-1301_15_16 23.242 0.015 38.3149 38.3719 1.0 8.3 23.38 110.09 
250821-1301-set12-full 250821-1301_15_17 23.105 0.016 38.2633 38.3257 0.1 7.2 23.23 108.53 
250821-1301-set13-full 250821-1301_15_18 23.102 0.033 38.2610 38.3233 0.9 14.0 23.21 114.38 
250821-1301 250821-1301_15_19 22.934 0.010 38.2707 38.3410 0.1 7.9 22.95 110.46 
250821-1301-set0-full 250821-1301_16_0 23.344 0.039 38.3036 38.3543 0.3 12.2 23.55 115.55 
250821-1301-set1-full 250821-1301_16_1 23.234 0.000 38.2417 38.3018 0.2 13.2 23.24 114.38 
250821-1301-set1-full 250821-1301_16_2 23.238 0.010 38.3264 38.3845 0.7 12.3 23.35 117.61 
250821-1301-set2-full 250821-1301_16_3 23.062 0.027 38.2984 38.3600 0.2 10.3 23.26 114.62 
250821-1301-set3-full 250821-1301_16_4 23.695 0.062 38.2854 38.3255 0.8 11.8 23.83 114.75 
250821-1301-set4-full 250821-1301_16_5 22.941 0.005 38.2927 38.3627 0.1 11.0 22.99 114.88 
250821-1301-set4-full 250821-1301_16_6 22.984 0.003 38.2698 38.3372 0.7 11.0 23.13 116.71 
250821-1301-set5-full 250821-1301_16_7 23.469 0.039 38.3023 38.3482 0.2 13.4 23.70 115.72 
250821-1301 250821-1301_16_8 23.191 0.018 38.2635 38.3238 0.5 10.8 23.27 111.83 
250821-1301 250821-1301_16_9 23.227 0.004 38.3023 38.3606 0.8 7.5 23.36 108.94 
250821-1301-set7-full 250821-1301_16_10 23.410 0.039 38.3248 38.3742 0.2 7.5 23.58 108.91 
250821-1301-set8-full 250821-1301_16_11 23.355 0.031 38.2390 38.2928 0.8 9.2 23.45 111.08 
250821-1301-set9-full 250821-1301_16_12 23.055 0.020 38.2412 38.3073 0.1 6.9 23.08 109.46 
250821-1301-set9-full 250821-1301_16_13 23.078 0.012 38.2894 38.3523 0.8 8.9 23.23 108.39 
250821-1301-set10-full 250821-1301_16_14 23.023 0.008 38.3205 38.3867 -0.0 10.7 23.13 114.99 
250821-1301-set11-full 250821-1301_16_15 23.234 0.023 38.2523 38.3107 0.8 18.2 23.31 114.23 
250821-1301-set12-full 250821-1301_16_16 23.082 0.026 38.2219 38.2871 0.5 20.1 23.11 114.39 
250821-1301-set12-full 250821-1301_16_17 23.113 0.013 38.2990 38.3614 0.1 10.6 23.23 108.40 
250821-1301-set13-full 250821-1301_16_18 23.113 0.014 38.2629 38.3261 0.9 8.6 23.19 110.80 
250821-1301 250821-1301_16_19 22.934 0.012 38.2796 38.3499 0.1 18.4 22.95 116.01 
250821-1301-set0-full 250821-1301_17_0 23.344 0.037 38.2685 38.3191 0.2 12.3 23.55 115.03 
250821-1301-set1-full 250821-1301_17_1 23.230 0.020 38.3159 38.3748 0.5 14.4 23.30 114.66 
250821-1301-set1-full 250821-1301_17_2 23.238 0.010 38.3161 38.3741 0.8 10.1 23.35 114.24 
250821-1301-set2-full 250821-1301_17_3 23.078 0.004 38.2951 38.3591 0.2 13.9 23.18 117.44 
250821-1301-set3-full 250821-1301_17_4 23.695 0.062 38.2753 38.3154 0.8 14.9 23.83 113.66 
250821-1301-set4-full 250821-1301_17_5 22.930 0.020 38.2540 38.3244 0.2 13.1 22.98 114.32 
250821-1301-set4-full 250821-1301_17_6 22.988 0.006 38.2966 38.3638 0.7 10.2 23.12 115.21 
250821-1301-set5-full 250821-1301_17_7 23.488 0.018 38.2837 38.3319 0.1 13.7 23.61 115.16 
250821-1301 250821-1301_17_8 23.195 0.014 38.2331 38.2935 0.7 15.1 23.28 114.97 
250821-1301-set7-full 250821-1301_17_9 23.383 0.062 38.2445 38.2995 0.4 14.6 23.41 114.57 
250821-1301-set7-full 250821-1301_17_10 23.414 0.037 38.2840 38.3333 0.2 9.3 23.58 108.89 
250821-1301-set8-full 250821-1301_17_11 23.363 0.009 38.2298 38.2849 0.8 14.9 23.41 113.58 
250821-1301-set9-full 250821-1301_17_12 23.055 0.020 38.2933 38.3594 0.1 6.8 23.08 109.15 
250821-1301-set9-full 250821-1301_17_13 23.070 0.030 38.2426 38.3047 0.8 12.5 23.26 115.03 
250821-1301-set10-full 250821-1301_17_14 23.027 0.007 38.2413 38.3073 0.1 14.9 23.13 115.11 
250821-1301-set11-full 250821-1301_17_15 23.238 0.007 38.2934 38.3529 0.9 9.0 23.29 109.56 
250821-1301-set12-full 250821-1301_17_16 23.086 0.024 38.2287 38.2938 0.2 16.2 23.11 116.04 
250821-1301-set12-full 250821-1301_17_17 23.098 0.033 38.3086 38.3706 0.5 14.6 23.27 116.56 
250821-1301-set13-full 250821-1301_17_18 23.113 0.018 38.2970 38.3599 0.9 9.3 23.19 107.71 
250821-1301 250821-1301_17_19 22.945 0.004 38.2560 38.3258 0.2 10.7 22.96 109.26 
250821-1301-set0-full 250821-1301_18_0 23.355 0.018 38.2563 38.3094 0.2 16.0 23.47 114.35 
250821-1301-set1-full 250821-1301_18_1 23.227 0.023 38.2890 38.3477 0.7 13.8 23.30 114.84 
250821-1301-set2-full 250821-1301_18_2 23.047 0.024 38.2447 38.3111 0.4 12.8 23.07 116.77 
250821-1301-set2-full 250821-1301_18_3 23.078 0.004 38.2557 38.3197 0.1 11.0 23.18 116.70 
250821-1301-set3-full 250821-1301_18_4 23.695 0.034 38.3189 38.3610 0.8 13.6 23.78 114.50 
250821-1301-set4-full 250821-1301_18_5 22.926 0.022 38.2847 38.3552 0.2 10.7 22.98 116.94 
250821-1301-set4-full 250821-1301_18_6 22.969 0.025 38.2541 38.3202 0.7 9.2 23.16 115.71 
250821-1301-set5-full 250821-1301_18_7 23.488 0.018 38.3419 38.3900 0.2 11.6 23.62 115.10 
250821-1301 250821-1301_18_8 23.203 0.003 38.3189 38.3801 0.7 12.4 23.25 114.06 
250821-1301-set7-full 250821-1301_18_9 23.383 0.062 38.2369 38.2919 0.2 17.7 23.41 113.11 
250821-1301-set7-full 250821-1301_18_10 23.402 0.061 38.2487 38.2972 0.5 14.0 23.63 114.85 
250821-1301-set8-full 250821-1301_18_11 23.363 0.010 38.2502 38.3052 0.8 10.4 23.41 109.55 
250821-1301-set9-full 250821-1301_18_12 23.062 0.004 38.2973 38.3632 0.2 14.6 23.09 118.48 
250821-1301-set9-full 250821-1301_18_13 23.070 0.027 38.3120 38.3739 0.9 7.1 23.26 107.94 
250821-1301-set10-full 250821-1301_18_14 23.020 0.024 38.2817 38.3451 0.1 8.1 23.22 108.81 
250821-1301-set11-full 250821-1301_18_15 23.238 0.009 38.2763 38.3357 0.9 13.1 23.29 109.24 
250821-1301-set12-full 250821-1301_18_16 23.090 0.010 38.2779 38.3428 0.2 11.2 23.12 116.16 
250821-1301-set12-full 250821-1301_18_17 23.102 0.029 38.3023 38.3640 0.8 8.6 23.28 108.54 
250821-1301-set13-full 250821-1301_18_18 23.102 0.037 38.2343 38.2938 0.2 11.5 23.32 106.00 
250821-1301 250821-1301_18_19 22.945 0.004 38.2909 38.3607 0.1 8.4 22.96 107.96 
250821-1301-set0-full 250821-1301_19_0 23.355 0.016 38.3179 38.3713 0.1 11.9 23.47 114.67 
250821-1301-set1-full 250821-1301_19_1 23.238 0.003 38.2921 38.3522 0.8 10.9 23.27 117.04 
250821-1301-set2-full 250821-1301_19_2 23.051 0.022 38.2163 38.2825 0.2 6.7 23.07 110.80 
250821-1301-set2-full 250821-1301_19_3 23.062 0.027 38.2857 38.3489 0.5 11.3 23.23 114.34 
250821-1301-set3-full 250821-1301_19_4 23.695 0.034 38.2728 38.3149 0.8 12.5 23.78 114.95 
250821-1301-set4-full 250821-1301_19_5 22.945 0.007 38.2418 38.3116 0.2 12.1 23.00 115.15 
250821-1301-set4-full 250821-1301_19_6 22.965 0.029 38.3112 38.3772 0.7 11.3 23.17 114.95 
250821-1301-set5-full 250821-1301_19_7 23.473 0.035 38.2676 38.3133 0.2 13.2 23.70 116.67 
250821-1301 250821-1301_19_8 23.203 0.000 38.3151 38.3762 0.7 15.6 23.26 117.61 
250821-1301-set7-full 250821-1301_19_9 23.398 0.036 38.2605 38.3150 0.2 12.3 23.42 115.27 
250821-1301-set7-full 250821-1301_19_10 23.406 0.059 38.2862 38.3345 0.8 12.3 23.64 116.40 
250821-1301-set8-full 250821-1301_19_11 23.359 0.030 38.3145 38.3657 0.2 11.2 23.55 117.01 
250821-1301-set9-full 250821-1301_19_12 23.062 0.004 38.3080 38.3739 0.1 13.5 23.09 115.98 
250821-1301-set9-full 250821-1301_19_13 23.078 0.012 38.2771 38.3398 0.8 8.9 23.23 109.27 
250821-1301-set10-full 250821-1301_19_14 23.023 0.020 38.2666 38.3301 0.1 10.0 23.23 110.80 
250821-1301-set11-full 250821-1301_19_15 23.234 0.027 38.2533 38.3115 0.9 9.7 23.31 108.88 
250821-1301-set12-full 250821-1301_19_16 23.090 0.010 38.2204 38.2853 0.1 10.3 23.12 110.43 
250821-1301-set12-full 250821-1301_19_17 23.109 0.016 38.3009 38.3636 0.9 9.8 23.23 108.37 
250821-1301-set13-full 250821-1301_19_18 23.109 0.034 38.2276 38.2873 0.1 8.5 23.33 109.37 
250821-1301 250821-1301_19_19 22.938 0.011 38.2256 38.2949 0.5 8.4 22.99 105.90 
250821-1301-set0-full 250821-1301_20_0 23.336 0.039 38.2770 38.3272 0.1 24.3 23.55 115.88 
250821-1301-set1-full 250821-1301_20_1 23.234 0.004 38.2944 38.3542 0.8 10.2 23.27 114.73 
250821-1301-set2-full 250821-1301_20_2 23.062 0.003 38.2784 38.3443 0.2 6.1 23.09 108.40 
250821-1301-set2-full 250821-1301_20_3 23.062 0.030 38.2429 38.3060 0.7 13.6 23.23 115.86 
250821-1301-set3-full 250821-1301_20_4 23.695 0.065 38.3475 38.3816 0.4 14.5 24.02 115.32 
250821-1301-set4-full 250821-1301_20_5 22.953 0.000 38.3144 38.3840 0.2 11.8 23.01 115.09 
250821-1301-set4-full 250821-1301_20_6 22.984 0.008 38.2508 38.3174 0.7 12.5 23.13 115.01 
250821-1301-set5-full 250821-1301_20_7 23.473 0.037 38.2663 38.3119 0.2 13.0 23.70 115.20 
250821-1301 250821-1301_20_8 23.191 0.021 38.2664 38.3264 0.8 12.5 23.29 115.06 
250821-1301-set7-full 250821-1301_20_9 23.398 0.036 38.3200 38.3745 0.1 11.9 23.42 114.75 
250821-1301-set7-full 250821-1301_20_10 23.414 0.035 38.3170 38.3667 0.8 12.0 23.59 117.35 
250821-1301-set8-full 250821-1301_20_11 23.355 0.033 38.2827 38.3336 0.2 11.8 23.55 115.51 
250821-1301-set9-full 250821-1301_20_12 23.062 0.020 38.2802 38.3447 0.5 14.9 23.14 117.19 
250821-1301-set9-full 250821-1301_20_13 23.086 0.008 38.2717 38.3341 0.9 17.0 23.23 114.35 
250821-1301-set10-full 250821-1301_20_14 23.031 0.007 38.3184 38.3841 0.1 11.7 23.15 115.62 
250821-1301-set11-full 250821-1301_20_15 23.234 0.030 38.2590 38.3170 0.9 9.8 23.31 106.16 
250821-1301-set12-full 250821-1301_20_16 23.086 0.026 38.2548 38.3199 0.1 18.1 23.11 114.80 
250821-1301-set12-full 250821-1301_20_17 23.117 0.012 38.3176 38.3802 0.9 8.9 23.24 109.03 
250821-1301-set13-full 250821-1301_20_18 23.117 0.018 38.2832 38.3452 -0.1 7.8 23.24 106.78 
250821-1301 250821-1301_20_19 22.938 0.016 38.2329 38.3019 0.8 12.9 22.98 110.07 
250821-1301-set0-full 250821-1301_21_0 23.344 0.035 38.2606 38.3109 0.1 13.4 23.55 116.89 
250821-1301-set1-full 250821-1301_21_1 23.227 0.023 38.2581 38.3168 0.8 12.4 23.30 116.94 
250821-1301-set2-full 250821-1301_21_2 23.062 0.000 38.2370 38.3029 0.2 12.3 23.09 114.91 
250821-1301-set2-full 250821-1301_21_3 23.078 0.004 38.2759 38.3398 0.7 13.0 23.20 114.97 
250821-1301-set3-full 250821-1301_21_4 23.695 0.065 38.2946 38.3286 0.2 13.2 24.00 115.21 
250821-1301-set4-full 250821-1301_21_5 22.938 0.018 38.2724 38.3413 0.5 14.4 23.05 116.51 
250821-1301-set4-full 250821-1301_21_6 22.992 0.007 38.3078 38.3743 0.7 10.5 23.13 117.51 
250821-1301-set5-full 250821-1301_21_7 23.492 0.015 38.3156 38.3633 0.2 10.1 23.62 114.70 
250821-1301 250821-1301_21_8 23.195 0.022 38.2648 38.3248 0.8 13.6 23.30 115.10 
250821-1301-set7-full 250821-1301_21_9 23.391 0.059 38.2272 38.2819 0.1 14.6 23.41 114.21 
250821-1301-set7-full 250821-1301_21_10 23.414 0.035 38.3107 38.3601 0.8 10.9 23.60 117.26 
250821-1301-set8-full 250821-1301_21_11 23.363 0.014 38.3437 38.3974 0.0 14.1 23.48 116.70 
250821-1301-set9-full 250821-1301_21_12 23.059 0.020 38.2990 38.3636 0.7 11.5 23.15 115.46 
250821-1301-set10-full 250821-1301_21_13 22.996 0.018 38.2451 38.3133 0.5 12.8 23.04 117.34 
250821-1301-set10-full 250821-1301_21_14 23.027 0.007 38.2913 38.3569 0.1 11.4 23.15 114.07 
250821-1301-set11-full 250821-1301_21_15 23.234 0.012 38.3206 38.3798 0.9 16.9 23.29 115.33 
250821-1301-set12-full 250821-1301_21_16 23.086 0.026 38.2385 38.3036 0.1 14.0 23.12 113.85 
250821-1301-set12-full 250821-1301_21_17 23.105 0.029 38.2598 38.3211 0.9 9.3 23.29 109.17 
250821-1301-set13-full 250821-1301_21_18 23.117 0.018 38.3300 38.3920 0.0 9.8 23.25 108.94 
250821-1301 250821-1301_21_19 22.949 0.003 38.2570 38.3268 0.8 14.3 22.97 117.08 
250821-1301-set0-full 250821-1301_22_0 23.355 0.016 38.2784 38.3313 0.2 14.6 23.47 113.76 
250821-1301-set1-full 250821-1301_22_1 23.230 0.024 38.2665 38.3251 0.8 13.6 23.30 115.19 
250821-1301-set2-full 250821-1301_22_2 23.055 0.020 38.2970 38.3631 0.1 10.3 23.08 117.13 
250821-1301-set2-full 250821-1301_22_3 23.078 0.008 38.2519 38.3158 0.7 20.6 23.20 112.24 
250821-1301-set3-full 250821-1301_22_4 23.691 0.037 38.2874 38.3257 0.1 12.3 23.90 115.55 
250821-1301-set4-full 250821-1301_22_5 22.938 0.021 38.2252 38.2938 0.7 15.9 23.05 114.09 
250821-1301-set5-full 250821-1301_22_6 23.469 0.029 38.3114 38.3635 0.4 11.5 23.48 114.49 
250821-1301-set5-full 250821-1301_22_7 23.492 0.015 38.2886 38.3365 0.2 10.6 23.62 115.54 
250821-1301 250821-1301_22_8 23.207 0.004 38.2923 38.3533 0.8 12.1 23.26 114.75 
250821-1301-set7-full 250821-1301_22_9 23.391 0.059 38.3102 38.3649 0.1 12.5 23.41 114.33 
250821-1301-set7-full 250821-1301_22_10 23.406 0.059 38.2739 38.3220 0.8 14.0 23.64 116.25 
250821-1301-set8-full 250821-1301_22_11 23.367 0.010 38.2762 38.3299 0.1 15.9 23.47 114.77 
250821-1301-set9-full 250821-1301_22_12 23.062 0.007 38.3096 38.3751 0.8 14.0 23.12 115.51 
250821-1301-set10-full 250821-1301_22_13 22.996 0.018 38.2524 38.3205 0.1 16.9 23.03 114.72 
250821-1301-set10-full 250821-1301_22_14 23.023 0.024 38.2822 38.3470 0.5 11.7 23.20 115.02 
250821-1301-set11-full 250821-1301_22_15 23.242 0.008 38.2667 38.3259 0.9 18.5 23.29 113.85 
250821-1301-set12-full 250821-1301_22_16 23.094 0.011 38.2994 38.3642 0.1 12.2 23.12 114.62 
250821-1301-set12-full 250821-1301_22_17 23.109 0.030 38.2434 38.3045 1.0 17.8 23.28 115.03 
250821-1301-set13-full 250821-1301_22_18 23.105 0.037 38.2800 38.3392 0.0 10.9 23.33 116.52 
250821-1301 250821-1301_22_19 22.949 0.005 38.2355 38.3055 0.9 13.7 22.97 117.22 
