250717-1304 250717-1304_0_0 1761169597 50 1.000 0.000 5.000 0.000 7.000 0.000 5.000 0.100 0.000 0.000 0.000 0.000 0.000 0.000 0.000 0.000 
250717-1304 250717-1304_0_0 23.234 0.016 38.3198 38.3798 0.5 9.8 23.26 111.18 
250717-1304 250717-1304_0_1 23.262 0.006 38.2609 38.3184 0.2 11.0 23.37 112.84 
250717-1304 250717-1304_0_2 23.859 0.039 38.3270 38.3631 0.7 13.4 23.93 112.27 
250717-1304 250717-1304_0_3 23.246 0.018 38.3286 38.3882 0.3 12.6 23.27 115.64 
250717-1304 250717-1304_0_4 23.258 0.029 38.2629 38.3193 0.7 10.1 23.44 112.23 
250717-1304 250717-1304_0_5 23.578 0.020 38.3385 38.3843 0.3 12.5 23.70 110.59 
250717-1304 250717-1304_0_6 23.523 0.004 38.3183 38.3683 0.8 11.7 23.56 113.23 
250717-1304 250717-1304_0_7 23.465 0.022 38.3075 38.3597 0.3 19.3 23.48 112.22 
250717-1304 250717-1304_0_8 23.469 0.031 38.2778 38.3270 0.5 10.2 23.64 111.85 
250717-1304 250717-1304_0_9 23.086 0.004 38.2823 38.3471 0.7 11.0 23.16 112.12 
250717-1304 250717-1304_0_10 23.297 0.004 38.2899 38.3478 0.2 11.7 23.33 112.98 
250717-1304 250717-1304_0_11 23.305 0.025 38.2662 38.3205 0.7 11.3 23.49 112.66 
250717-1304 250717-1304_0_12 23.344 0.025 38.3220 38.3739 0.2 11.0 23.55 113.65 
250717-1304 250717-1304_0_13 23.512 0.009 38.3305 38.3806 0.7 9.9 23.55 114.57 
250717-1304 250717-1304_0_14 23.395 0.010 38.2457 38.3003 0.2 8.8 23.42 111.93 
250717-1304 250717-1304_0_15 23.406 0.032 38.2490 38.3004 0.7 10.0 23.58 112.25 
250717-1304 250717-1304_0_16 23.293 0.024 38.2694 38.3238 0.3 11.1 23.49 112.68 
250717-1304 250717-1304_0_17 23.453 0.008 38.2663 38.3189 0.3 16.7 23.48 109.41 
250717-1304 250717-1304_0_18 23.469 0.011 38.2849 38.3350 0.7 11.6 23.59 114.21 
250717-1304 250717-1304_0_19 23.680 0.043 38.2674 38.3062 0.3 11.4 23.90 114.91 
250717-1304 250717-1304_1_0 23.234 0.016 38.3184 38.3785 0.2 12.7 23.25 110.90 
250717-1304 250717-1304_1_1 23.250 0.026 38.3169 38.3736 0.6 10.9 23.43 111.10 
250717-1304 250717-1304_1_2 23.859 0.041 38.3072 38.3432 0.8 11.8 23.93 115.24 
250717-1304 250717-1304_1_3 23.254 0.003 38.2485 38.3079 0.3 13.4 23.29 114.54 
250717-1304 250717-1304_1_4 23.266 0.027 38.3132 38.3693 0.7 11.3 23.45 112.07 
250717-1304 250717-1304_1_5 23.570 0.037 38.3483 38.3912 0.2 11.8 23.78 112.50 
250717-1304 250717-1304_1_6 23.520 0.006 38.3170 38.3669 0.8 12.6 23.56 112.49 
250717-1304 250717-1304_1_7 23.477 0.008 38.2547 38.3065 0.3 12.7 23.49 112.69 
250717-1304 250717-1304_1_8 23.473 0.029 38.2387 38.2878 0.7 10.7 23.63 113.22 
250717-1304 250717-1304_1_9 23.074 0.024 38.3122 38.3739 0.3 10.4 23.29 111.88 
250717-1304 250717-1304_1_10 23.297 0.000 38.2678 38.3257 0.2 10.7 23.34 113.14 
250717-1304 250717-1304_1_11 23.320 0.007 38.2636 38.3184 0.7 10.9 23.47 112.60 
250717-1304 250717-1304_1_12 23.348 0.024 38.2488 38.3007 0.2 12.1 23.55 113.83 
250717-1304 250717-1304_1_13 23.500 0.031 38.3252 38.3741 0.7 9.0 23.59 113.26 
250717-1304 250717-1304_1_14 23.395 0.009 38.3007 38.3553 0.2 9.6 23.42 113.05 
250717-1304 250717-1304_1_15 23.414 0.014 38.2787 38.3313 0.7 10.0 23.54 112.13 
250717-1304 250717-1304_1_16 23.293 0.022 38.2911 38.3454 0.2 11.2 23.49 112.65 
250717-1304 250717-1304_1_17 23.445 0.024 38.2933 38.3446 0.6 9.2 23.53 114.09 
250717-1304 250717-1304_1_18 23.469 0.014 38.2460 38.2962 0.7 9.7 23.59 114.68 
250717-1304 250717-1304_1_19 23.695 0.020 38.3174 38.3589 0.3 10.1 23.81 114.72 
250717-1304 250717-1304_2_0 23.242 0.004 38.2366 38.2964 0.2 10.5 23.27 112.05 
250717-1304 250717-1304_2_1 23.250 0.027 38.2981 38.3547 0.7 11.3 23.43 111.35 
250717-1304 250717-1304_2_2 23.863 0.069 38.2794 38.3076 0.4 12.4 24.15 113.29 
250717-1304 250717-1304_2_3 23.254 0.006 38.3271 38.3865 0.2 9.1 23.28 115.01 
250717-1304 250717-1304_2_4 23.273 0.008 38.2494 38.3065 0.8 12.1 23.40 116.55 
250717-1304 250717-1304_2_5 23.570 0.035 38.2785 38.3213 0.2 10.5 23.78 110.83 
250717-1304 250717-1304_2_6 23.508 0.027 38.2954 38.3443 0.8 10.4 23.59 112.27 
250717-1304 250717-1304_2_7 23.477 0.008 38.2741 38.3259 0.3 10.6 23.49 112.88 
250717-1304 250717-1304_2_8 23.484 0.012 38.3017 38.3514 0.7 11.0 23.60 111.54 
250717-1304 250717-1304_2_9 23.074 0.024 38.3050 38.3669 0.2 12.3 23.29 116.15 
250717-1304 250717-1304_2_10 23.293 0.014 38.2988 38.3559 0.6 11.9 23.38 112.92 
250717-1304 250717-1304_2_11 23.320 0.004 38.2593 38.3141 0.7 9.6 23.48 113.88 
250717-1304 250717-1304_2_12 23.355 0.006 38.3342 38.3886 0.2 10.6 23.47 113.15 
250717-1304 250717-1304_2_13 23.500 0.031 38.3293 38.3781 0.7 11.2 23.59 114.01 
250717-1304 250717-1304_2_14 23.391 0.027 38.3168 38.3716 0.3 8.7 23.41 113.29 
250717-1304 250717-1304_2_15 23.414 0.015 38.2728 38.3253 0.7 10.5 23.54 112.66 
250717-1304 250717-1304_2_16 23.305 0.004 38.2689 38.3256 0.1 10.4 23.41 112.17 
250717-1304 250717-1304_2_17 23.445 0.024 38.2522 38.3034 0.6 10.2 23.53 113.53 
250717-1304 250717-1304_2_18 23.668 0.045 38.2694 38.3147 0.5 11.4 23.69 109.89 
250717-1304 250717-1304_2_19 23.688 0.025 38.3178 38.3592 0.2 10.7 23.81 114.94 
250717-1304 250717-1304_3_0 23.246 0.003 38.2914 38.3510 0.2 12.9 23.27 110.87 
250717-1304 250717-1304_3_1 23.266 0.008 38.2971 38.3543 0.7 9.5 23.39 111.48 
250717-1304 250717-1304_3_2 23.863 0.067 38.3548 38.3828 0.3 11.1 24.15 115.51 
250717-1304 250717-1304_3_3 23.246 0.022 38.2715 38.3297 0.6 13.0 23.34 114.65 
250717-1304 250717-1304_3_4 23.277 0.010 38.2807 38.3376 0.8 17.3 23.40 111.38 
250717-1304 250717-1304_3_5 23.582 0.016 38.2688 38.3142 0.2 10.1 23.70 110.31 
250717-1304 250717-1304_3_6 23.512 0.025 38.2970 38.3459 0.8 10.5 23.59 111.63 
250717-1304 250717-1304_3_7 23.469 0.019 38.2824 38.3345 0.2 11.2 23.48 112.75 
250717-1304 250717-1304_3_8 23.488 0.010 38.3315 38.3812 0.7 13.1 23.60 112.59 
250717-1304 250717-1304_3_9 23.094 0.004 38.2760 38.3400 0.1 9.3 23.21 113.83 
250717-1304 250717-1304_3_10 23.289 0.019 38.3092 38.3660 0.7 11.2 23.38 112.67 
250717-1304 250717-1304_3_11 23.328 0.020 38.2890 38.3459 0.4 13.9 23.35 113.17 
250717-1304 250717-1304_3_12 23.359 0.008 38.2736 38.3281 0.5 12.8 23.48 114.03 
250717-1304 250717-1304_3_13 23.504 0.014 38.2654 38.3154 0.7 15.4 23.56 113.49 
250717-1304 250717-1304_3_14 23.391 0.027 38.2459 38.3006 0.3 17.5 23.41 109.89 
250717-1304 250717-1304_3_15 23.406 0.034 38.3052 38.3562 0.7 9.1 23.59 113.07 
250717-1304 250717-1304_3_16 23.305 0.008 38.2444 38.3010 0.3 13.3 23.42 113.13 
250717-1304 250717-1304_3_17 23.457 0.006 38.2838 38.3360 0.7 15.7 23.51 108.60 
250717-1304 250717-1304_3_18 23.668 0.045 38.2990 38.3442 0.3 17.5 23.68 108.53 
250717-1304 250717-1304_3_19 23.680 0.043 38.2543 38.2953 0.6 9.3 23.86 114.58 
250717-1304 250717-1304_4_0 23.238 0.016 38.3027 38.3626 0.2 11.9 23.27 114.66 
250717-1304 250717-1304_4_1 23.266 0.008 38.3260 38.3832 0.8 11.9 23.39 111.39 
250717-1304 250717-1304_4_2 23.859 0.043 38.3412 38.3736 0.1 11.4 24.04 112.48 
250717-1304 250717-1304_4_3 23.246 0.020 38.2895 38.3478 0.7 12.3 23.34 114.86 
250717-1304 250717-1304_4_4 23.562 0.034 38.3308 38.3797 0.6 12.7 23.58 107.46 
250717-1304 250717-1304_4_5 23.578 0.018 38.2569 38.3023 0.3 12.9 23.70 108.29 
250717-1304 250717-1304_4_6 23.516 0.012 38.3149 38.3646 0.8 13.1 23.56 109.64 
250717-1304 250717-1304_4_7 23.473 0.018 38.2803 38.3322 0.2 12.3 23.48 112.91 
250717-1304 250717-1304_4_8 23.469 0.031 38.3300 38.3786 0.7 12.4 23.64 111.27 
250717-1304 250717-1304_4_9 23.098 0.003 38.2443 38.3084 0.2 11.8 23.22 113.60 
250717-1304 250717-1304_4_10 23.297 0.003 38.2583 38.3160 0.7 13.3 23.35 113.03 
250717-1304 250717-1304_4_11 23.328 0.020 38.2429 38.2997 0.3 13.5 23.35 113.73 
250717-1304 250717-1304_4_12 23.352 0.023 38.2822 38.3360 0.6 12.5 23.52 113.31 
250717-1304 250717-1304_4_13 23.512 0.014 38.2851 38.3348 0.7 11.8 23.56 113.68 
250717-1304 250717-1304_4_14 23.398 0.008 38.2923 38.3467 0.2 16.9 23.42 110.13 
250717-1304 250717-1304_4_15 23.406 0.036 38.2816 38.3324 0.7 13.2 23.59 113.45 
250717-1304 250717-1304_4_16 23.297 0.024 38.2846 38.3385 0.2 9.3 23.51 113.29 
250717-1304 250717-1304_4_17 23.457 0.009 38.2805 38.3325 0.7 10.4 23.51 112.68 
250717-1304 250717-1304_4_18 23.680 0.025 38.2596 38.3045 0.2 9.8 23.70 113.98 
250717-1304 250717-1304_4_19 23.680 0.043 38.3310 38.3717 0.6 10.5 23.86 115.07 
250717-1304 250717-1304_5_0 23.238 0.018 38.2495 38.3094 0.2 10.9 23.27 113.90 
250717-1304 250717-1304_5_1 23.254 0.026 38.2421 38.2984 0.7 9.8 23.44 112.92 
250717-1304 250717-1304_5_2 23.859 0.043 38.3183 38.3507 0.2 12.3 24.04 115.53 
250717-1304 250717-1304_5_3 23.262 0.003 38.2785 38.3374 0.7 9.8 23.31 114.89 
250717-1304 250717-1304_5_4 23.559 0.037 38.3255 38.3745 0.3 10.9 23.58 106.86 
250717-1304 250717-1304_5_5 23.570 0.039 38.2754 38.3203 0.6 10.2 23.76 108.12 
250717-1304 250717-1304_5_6 23.523 0.008 38.2737 38.3233 0.8 11.9 23.56 108.70 
250717-1304 250717-1304_5_7 23.480 0.006 38.2522 38.3038 0.2 12.7 23.49 112.59 
250717-1304 250717-1304_5_8 23.473 0.031 38.3032 38.3517 0.7 11.0 23.64 111.41 
250717-1304 250717-1304_5_9 23.078 0.024 38.2694 38.3306 0.2 9.3 23.30 112.57 
250717-1304 250717-1304_5_10 23.305 0.000 38.2835 38.3411 0.7 13.7 23.35 112.95 
250717-1304 250717-1304_5_11 23.336 0.004 38.2593 38.3159 0.2 12.2 23.37 113.24 
250717-1304 250717-1304_5_12 23.344 0.025 38.3332 38.3867 0.7 10.8 23.52 112.95 
250717-1304 250717-1304_5_13 23.496 0.035 38.2929 38.3393 0.4 16.7 23.70 110.63 
250717-1304 250717-1304_5_14 23.398 0.008 38.2948 38.3492 0.2 15.9 23.43 109.84 
250717-1304 250717-1304_5_15 23.422 0.011 38.2462 38.2982 0.7 12.0 23.55 113.20 
250717-1304 250717-1304_5_16 23.293 0.026 38.2819 38.3355 0.3 8.2 23.51 112.65 
250717-1304 250717-1304_5_17 23.445 0.027 38.2869 38.3379 0.7 9.1 23.54 112.79 
250717-1304 250717-1304_5_18 23.680 0.024 38.2830 38.3279 0.3 9.9 23.70 113.44 
250717-1304 250717-1304_5_19 23.695 0.020 38.2884 38.3301 0.7 10.4 23.82 114.75 
250717-1304 250717-1304_6_0 23.254 0.004 38.3073 38.3667 0.2 11.4 23.28 113.85 
250717-1304 250717-1304_6_1 23.250 0.027 38.2404 38.2966 0.8 9.9 23.43 114.83 
250717-1304 250717-1304_6_2 23.867 0.062 38.3628 38.3909 0.3 12.0 24.15 115.62 
250717-1304 250717-1304_6_3 23.262 0.005 38.2641 38.3229 0.7 9.8 23.31 112.69 
250717-1304 250717-1304_6_4 23.570 0.016 38.3057 38.3543 0.3 10.1 23.59 106.71 
250717-1304 250717-1304_6_5 23.566 0.038 38.2992 38.3438 0.7 10.3 23.76 108.43 
250717-1304 250717-1304_6_6 23.508 0.031 38.2515 38.2978 0.4 13.8 23.70 109.84 
250717-1304 250717-1304_6_7 23.484 0.004 38.2713 38.3228 0.2 10.9 23.49 113.22 
250717-1304 250717-1304_6_8 23.492 0.008 38.2639 38.3130 0.7 9.8 23.61 113.56 
250717-1304 250717-1304_6_9 23.078 0.026 38.3073 38.3685 0.2 12.3 23.30 111.97 
250717-1304 250717-1304_6_10 23.289 0.018 38.3138 38.3708 0.7 11.1 23.38 112.30 
250717-1304 250717-1304_6_11 23.336 0.004 38.3060 38.3625 0.3 10.4 23.37 113.20 
250717-1304 250717-1304_6_12 23.359 0.007 38.3398 38.3944 0.7 8.2 23.48 112.78 
250717-1304 250717-1304_6_13 23.496 0.035 38.2985 38.3449 0.2 10.6 23.70 113.97 
250717-1304 250717-1304_6_14 23.398 0.024 38.2925 38.3454 0.6 13.2 23.48 113.74 
250717-1304 250717-1304_6_15 23.422 0.011 38.2734 38.3253 0.7 14.3 23.55 113.41 
250717-1304 250717-1304_6_16 23.312 0.007 38.3261 38.3823 0.3 9.2 23.42 113.50 
250717-1304 250717-1304_6_17 23.449 0.030 38.3489 38.3996 0.7 12.0 23.54 113.53 
250717-1304 250717-1304_6_18 23.672 0.041 38.2739 38.3190 0.3 10.2 23.68 113.04 
250717-1304 250717-1304_6_19 23.691 0.021 38.2926 38.3343 0.7 11.1 23.83 113.58 
250717-1304 250717-1304_7_0 23.246 0.006 38.2752 38.3348 0.2 10.8 23.27 114.15 
250717-1304 250717-1304_7_1 23.270 0.006 38.3213 38.3782 0.8 12.9 23.41 114.43 
250717-1304 250717-1304_7_2 23.859 0.066 38.2967 38.3250 0.3 12.9 24.15 115.53 
250717-1304 250717-1304_7_3 23.250 0.024 38.2417 38.2996 0.7 10.6 23.34 114.47 
250717-1304 250717-1304_7_4 23.566 0.020 38.2910 38.3397 0.3 10.8 23.59 106.50 
250717-1304 250717-1304_7_5 23.582 0.018 38.3095 38.3549 0.8 10.1 23.73 109.19 
250717-1304 250717-1304_7_6 23.512 0.029 38.2889 38.3351 0.3 11.8 23.70 112.75 
250717-1304 250717-1304_7_7 23.477 0.015 38.2695 38.3203 0.6 9.7 23.54 112.34 
250717-1304 250717-1304_7_8 23.492 0.012 38.3111 38.3602 0.7 9.8 23.61 111.77 
250717-1304 250717-1304_7_9 23.098 0.003 38.3364 38.4000 0.2 10.3 23.23 112.57 
250717-1304 250717-1304_7_10 23.293 0.020 38.2530 38.3097 0.7 10.3 23.38 112.96 
250717-1304 250717-1304_7_11 23.336 0.020 38.3147 38.3713 0.2 10.1 23.36 114.42 
250717-1304 250717-1304_7_12 23.359 0.010 38.2719 38.3263 0.7 10.3 23.48 113.08 
250717-1304 250717-1304_7_13 23.508 0.018 38.2645 38.3134 0.2 9.4 23.62 112.48 
250717-1304 250717-1304_7_14 23.398 0.026 38.2419 38.2946 0.7 12.1 23.49 112.90 
250717-1304 250717-1304_7_15 23.266 0.023 38.2948 38.3538 0.4 11.3 23.31 114.19 
250717-1304 250717-1304_7_16 23.316 0.003 38.2917 38.3477 0.3 9.1 23.43 112.61 
250717-1304 250717-1304_7_17 23.457 0.010 38.2945 38.3463 0.7 11.7 23.51 112.67 
250717-1304 250717-1304_7_18 23.676 0.041 38.2798 38.3248 0.3 8.8 23.68 112.80 
250717-1304 250717-1304_7_19 23.680 0.043 38.2655 38.3061 0.7 18.3 23.87 112.65 
250717-1304 250717-1304_8_0 23.242 0.015 38.3038 38.3626 0.6 12.1 23.32 114.73 
250717-1304 250717-1304_8_1 23.266 0.010 38.2800 38.3367 0.8 10.5 23.41 114.54 
250717-1304 250717-1304_8_2 23.859 0.039 38.3028 38.3351 0.2 11.6 24.04 113.58 
250717-1304 250717-1304_8_3 23.250 0.024 38.3110 38.3689 0.7 11.2 23.34 112.08 
250717-1304 250717-1304_8_4 23.566 0.034 38.2562 38.3050 0.2 11.3 23.58 106.53 
250717-1304 250717-1304_8_5 23.582 0.018 38.3119 38.3572 0.8 13.8 23.73 107.99 
250717-1304 250717-1304_8_6 23.523 0.012 38.3150 38.3639 0.2 12.0 23.62 112.79 
250717-1304 250717-1304_8_7 23.473 0.020 38.2775 38.3281 0.7 11.7 23.54 112.70 
250717-1304 250717-1304_8_8 23.043 0.020 38.2569 38.3234 0.4 12.2 23.10 111.99 
250717-1304 250717-1304_8_9 23.098 0.006 38.2994 38.3629 0.2 9.3 23.22 113.42 
250717-1304 250717-1304_8_10 23.301 0.003 38.2741 38.3317 0.7 13.7 23.36 112.89 
250717-1304 250717-1304_8_11 23.336 0.018 38.2716 38.3282 0.3 10.3 23.36 112.90 
250717-1304 250717-1304_8_12 23.352 0.025 38.2326 38.2856 0.7 10.0 23.53 111.06 
250717-1304 250717-1304_8_13 23.516 0.012 38.2778 38.3265 0.2 9.4 23.62 111.86 
250717-1304 250717-1304_8_14 23.406 0.004 38.3227 38.3766 0.7 10.2 23.46 114.14 
250717-1304 250717-1304_8_15 23.266 0.023 38.3151 38.3740 0.3 11.0 23.31 114.56 
250717-1304 250717-1304_8_16 23.301 0.024 38.2712 38.3267 0.6 10.9 23.48 112.28 
250717-1304 250717-1304_8_17 23.461 0.010 38.2798 38.3314 0.7 10.4 23.51 112.68 
250717-1304 250717-1304_8_18 23.688 0.018 38.2886 38.3332 0.2 10.2 23.70 113.21 
250717-1304 250717-1304_8_19 23.680 0.043 38.2662 38.3065 0.7 11.1 23.86 112.62 
250717-1304 250717-1304_9_0 23.242 0.015 38.2387 38.2974 0.7 13.4 23.32 113.71 
250717-1304 250717-1304_9_1 23.855 0.070 38.2989 38.3378 0.5 14.3 23.86 114.69 
250717-1304 250717-1304_9_2 23.859 0.039 38.3416 38.3740 0.2 10.0 24.04 112.56 
250717-1304 250717-1304_9_3 23.266 0.004 38.2955 38.3542 0.7 11.0 23.31 114.77 
250717-1304 250717-1304_9_4 23.566 0.034 38.2480 38.2968 0.2 10.1 23.58 108.04 
250717-1304 250717-1304_9_5 23.574 0.037 38.3208 38.3650 0.8 13.7 23.76 108.32 
250717-1304 250717-1304_9_6 23.523 0.008 38.3010 38.3499 0.3 12.5 23.62 112.48 
250717-1304 250717-1304_9_7 23.488 0.003 38.2661 38.3174 0.7 10.2 23.52 112.80 
250717-1304 250717-1304_9_8 23.047 0.019 38.2313 38.2977 0.3 10.6 23.10 112.31 
250717-1304 250717-1304_9_9 23.086 0.024 38.2564 38.3192 0.5 11.9 23.27 113.74 
250717-1304 250717-1304_9_10 23.305 0.003 38.2489 38.3065 0.7 13.6 23.37 112.92 
250717-1304 250717-1304_9_11 23.340 0.003 38.3331 38.3895 0.3 12.2 23.38 113.09 
250717-1304 250717-1304_9_12 23.352 0.027 38.2651 38.3180 0.7 11.5 23.53 113.03 
250717-1304 250717-1304_9_13 23.500 0.033 38.2935 38.3397 0.2 10.6 23.70 114.18 
250717-1304 250717-1304_9_14 23.406 0.008 38.3389 38.3925 0.7 11.2 23.46 113.42 
250717-1304 250717-1304_9_15 23.281 0.004 38.2690 38.3274 0.2 9.8 23.33 113.92 
250717-1304 250717-1304_9_16 23.301 0.024 38.2816 38.3368 0.7 8.9 23.48 112.84 
250717-1304 250717-1304_9_17 23.445 0.031 38.3173 38.3657 0.3 9.6 23.65 113.20 
250717-1304 250717-1304_9_18 23.684 0.022 38.3324 38.3771 0.2 10.8 23.70 113.55 
250717-1304 250717-1304_9_19 23.695 0.022 38.2842 38.3255 0.7 10.4 23.83 112.86 
250717-1304 250717-1304_10_0 23.258 0.003 38.2947 38.3541 0.7 11.5 23.30 110.93 
250717-1304 250717-1304_10_1 23.863 0.065 38.3425 38.3811 0.3 11.2 23.86 114.41 
250717-1304 250717-1304_10_2 23.859 0.065 38.3247 38.3528 0.6 9.9 24.15 115.31 
250717-1304 250717-1304_10_3 23.266 0.006 38.3115 38.3701 0.7 12.2 23.31 112.33 
250717-1304 250717-1304_10_4 23.578 0.012 38.2720 38.3203 0.2 11.1 23.59 108.58 
250717-1304 250717-1304_10_5 23.574 0.037 38.2917 38.3360 0.8 11.7 23.77 111.10 
250717-1304 250717-1304_10_6 23.512 0.031 38.3134 38.3595 0.3 11.5 23.70 112.38 
250717-1304 250717-1304_10_7 23.484 0.007 38.2826 38.3337 0.7 9.7 23.52 112.51 
250717-1304 250717-1304_10_8 23.062 0.000 38.3070 38.3729 0.3 11.7 23.12 111.68 
250717-1304 250717-1304_10_9 23.090 0.022 38.2492 38.3118 0.7 13.0 23.28 112.92 
250717-1304 250717-1304_10_10 23.297 0.022 38.2617 38.3159 0.3 12.1 23.49 111.76 
250717-1304 250717-1304_10_11 23.340 0.003 38.3258 38.3822 0.3 9.3 23.37 113.50 
250717-1304 250717-1304_10_12 23.363 0.007 38.3014 38.3554 0.8 12.2 23.49 114.61 
250717-1304 250717-1304_10_13 23.500 0.031 38.2692 38.3153 0.3 9.7 23.70 112.91 
250717-1304 250717-1304_10_14 23.398 0.030 38.3264 38.3789 0.7 10.7 23.50 113.49 
250717-1304 250717-1304_10_15 23.281 0.003 38.2461 38.3046 0.2 10.4 23.33 113.80 
250717-1304 250717-1304_10_16 23.320 0.003 38.2390 38.2949 0.7 10.5 23.45 112.38 
250717-1304 250717-1304_10_17 23.445 0.031 38.2934 38.3418 0.3 8.4 23.65 113.04 
250717-1304 250717-1304_10_18 23.680 0.035 38.2683 38.3108 0.6 9.5 23.77 113.18 
250717-1304 250717-1304_10_19 23.695 0.020 38.2842 38.3255 0.7 9.1 23.83 113.47 
250717-1304 250717-1304_11_0 23.258 0.000 38.2427 38.3020 0.7 10.5 23.31 112.09 
250717-1304 250717-1304_11_1 23.852 0.039 38.3433 38.3823 0.3 11.8 23.85 112.20 
250717-1304 250717-1304_11_2 23.863 0.063 38.3407 38.3687 0.7 10.8 24.14 112.61 
250717-1304 250717-1304_11_3 23.250 0.027 38.2585 38.3140 0.3 9.5 23.45 113.02 
250717-1304 250717-1304_11_4 23.578 0.012 38.2949 38.3432 0.3 9.8 23.59 109.43 
250717-1304 250717-1304_11_5 23.586 0.016 38.2588 38.3039 0.7 9.7 23.73 110.29 
250717-1304 250717-1304_11_6 23.512 0.029 38.2552 38.3012 0.3 10.6 23.71 112.61 
250717-1304 250717-1304_11_7 23.473 0.022 38.2947 38.3452 0.7 11.7 23.55 111.96 
250717-1304 250717-1304_11_8 23.062 0.003 38.2827 38.3486 0.2 11.5 23.12 112.54 
250717-1304 250717-1304_11_9 23.109 0.003 38.2481 38.3113 0.7 11.2 23.25 112.50 
250717-1304 250717-1304_11_10 23.293 0.026 38.3151 38.3693 0.2 13.6 23.49 111.55 
250717-1304 250717-1304_11_11 23.344 0.015 38.3000 38.3552 0.6 11.0 23.42 113.54 
250717-1304 250717-1304_11_12 23.363 0.009 38.2455 38.2993 0.7 8.9 23.50 112.57 
250717-1304 250717-1304_11_13 23.516 0.012 38.2551 38.3037 0.2 8.7 23.62 111.68 
250717-1304 250717-1304_11_14 23.391 0.031 38.2890 38.3416 0.7 8.1 23.50 112.64 
250717-1304 250717-1304_11_15 23.277 0.020 38.2435 38.3021 0.2 13.5 23.31 109.93 
250717-1304 250717-1304_11_16 23.316 0.007 38.2634 38.3190 0.7 9.6 23.46 112.89 
250717-1304 250717-1304_11_17 23.461 0.012 38.2890 38.3398 0.2 7.8 23.56 113.37 
250717-1304 250717-1304_11_18 23.680 0.039 38.2860 38.3282 0.7 11.1 23.77 113.75 
250717-1304 250717-1304_11_19 23.625 0.039 38.2867 38.3335 0.5 11.7 23.62 113.67 
250717-1304 250717-1304_12_0 23.242 0.022 38.3161 38.3744 0.7 13.8 23.33 110.52 
250717-1304 250717-1304_12_1 23.852 0.041 38.2690 38.3081 0.3 10.5 23.86 114.90 
250717-1304 250717-1304_12_2 23.855 0.041 38.2878 38.3183 0.7 11.2 24.09 115.47 
250717-1304 250717-1304_12_3 23.250 0.027 38.2868 38.3422 0.2 12.5 23.45 115.25 
250717-1304 250717-1304_12_4 23.566 0.034 38.3131 38.3595 0.6 9.8 23.66 110.07 
250717-1304 250717-1304_12_5 23.586 0.016 38.2523 38.2973 0.8 12.1 23.73 110.50 
250717-1304 250717-1304_12_6 23.523 0.012 38.2978 38.3464 0.3 11.7 23.62 109.29 
250717-1304 250717-1304_12_7 23.473 0.024 38.2961 38.3464 0.7 15.2 23.55 112.64 
250717-1304 250717-1304_12_8 23.059 0.015 38.2439 38.3099 0.2 10.0 23.11 112.00 
250717-1304 250717-1304_12_9 23.105 0.005 38.2424 38.3054 0.7 9.1 23.25 112.57 
250717-1304 250717-1304_12_10 23.309 0.005 38.3344 38.3909 0.2 9.6 23.41 112.93 
250717-1304 250717-1304_12_11 23.336 0.020 38.2908 38.3461 0.7 15.4 23.42 112.54 
250717-1304 250717-1304_12_12 23.492 0.031 38.2598 38.3111 0.5 10.9 23.51 113.86 
250717-1304 250717-1304_12_13 23.516 0.014 38.2730 38.3215 0.2 9.6 23.62 111.56 
250717-1304 250717-1304_12_14 23.410 0.007 38.2689 38.3225 0.7 10.1 23.46 112.36 
250717-1304 250717-1304_12_15 23.277 0.020 38.2824 38.3410 0.2 15.2 23.31 109.69 
250717-1304 250717-1304_12_16 23.309 0.022 38.2834 38.3380 0.7 9.5 23.49 112.50 
250717-1304 250717-1304_12_17 23.461 0.012 38.2465 38.2972 0.2 9.0 23.57 112.72 
250717-1304 250717-1304_12_18 23.691 0.018 38.2597 38.3030 0.7 9.9 23.74 112.81 
250717-1304 250717-1304_12_19 23.625 0.041 38.3164 38.3631 0.3 8.5 23.63 114.19 
250717-1304 250717-1304_13_0 23.242 0.024 38.2546 38.3128 0.7 11.8 23.34 114.09 
250717-1304 250717-1304_13_1 23.859 0.069 38.2634 38.3022 0.2 12.4 23.86 113.04 
250717-1304 250717-1304_13_2 23.855 0.041 38.3597 38.3902 0.8 11.8 24.09 115.64 
250717-1304 250717-1304_13_3 23.270 0.006 38.3219 38.3798 0.2 10.7 23.37 115.21 
250717-1304 250717-1304_13_4 23.566 0.034 38.3308 38.3773 0.7 11.8 23.66 110.85 
250717-1304 250717-1304_13_5 23.500 0.027 38.2524 38.3034 0.5 10.7 23.52 108.60 
250717-1304 250717-1304_13_6 23.523 0.012 38.2595 38.3080 0.3 12.2 23.62 112.67 
250717-1304 250717-1304_13_7 23.484 0.008 38.2620 38.3130 0.7 14.4 23.52 111.80 
250717-1304 250717-1304_13_8 23.062 0.012 38.2437 38.3096 0.2 9.5 23.11 115.41 
250717-1304 250717-1304_13_9 23.094 0.023 38.2239 38.2859 0.7 11.4 23.29 112.71 
250717-1304 250717-1304_13_10 23.309 0.005 38.2563 38.3127 0.3 12.9 23.42 113.42 
250717-1304 250717-1304_13_11 23.348 0.004 38.2916 38.3478 0.7 10.3 23.40 112.99 
250717-1304 250717-1304_13_12 23.492 0.033 38.3338 38.3851 0.3 9.6 23.51 113.63 
250717-1304 250717-1304_13_13 23.500 0.033 38.2478 38.2960 0.6 9.6 23.66 111.95 
250717-1304 250717-1304_13_14 23.406 0.010 38.2832 38.3367 0.7 10.9 23.47 112.49 
250717-1304 250717-1304_13_15 23.289 0.000 38.2916 38.3498 0.2 10.4 23.33 114.29 
250717-1304 250717-1304_13_16 23.305 0.025 38.2415 38.2960 0.7 11.0 23.50 112.35 
250717-1304 250717-1304_13_17 23.453 0.027 38.2856 38.3335 0.3 9.3 23.66 113.26 
250717-1304 250717-1304_13_18 23.688 0.020 38.2616 38.3049 0.7 10.1 23.74 112.86 
250717-1304 250717-1304_13_19 23.641 0.020 38.2767 38.3229 0.3 10.8 23.64 113.26 
250717-1304 250717-1304_14_0 23.258 0.006 38.3116 38.3705 0.7 10.6 23.30 114.99 
250717-1304 250717-1304_14_1 23.867 0.062 38.3153 38.3538 0.2 9.0 23.86 112.50 
250717-1304 250717-1304_14_2 23.859 0.061 38.2936 38.3216 0.8 11.6 24.13 113.43 
250717-1304 250717-1304_14_3 23.266 0.010 38.2918 38.3496 0.2 12.3 23.38 114.89 
250717-1304 250717-1304_14_4 23.582 0.012 38.3399 38.3873 0.8 10.6 23.62 111.74 
250717-1304 250717-1304_14_5 23.504 0.026 38.2779 38.3288 0.3 11.0 23.52 108.41 
250717-1304 250717-1304_14_6 23.516 0.027 38.2648 38.3127 0.6 13.0 23.67 108.70 
250717-1304 250717-1304_14_7 23.488 0.007 38.2831 38.3341 0.7 10.8 23.52 112.11 
250717-1304 250717-1304_14_8 23.070 0.000 38.2444 38.3100 0.2 9.7 23.13 112.16 
250717-1304 250717-1304_14_9 23.094 0.025 38.3148 38.3765 0.7 12.5 23.30 111.40 
250717-1304 250717-1304_14_10 23.297 0.024 38.2841 38.3380 0.2 11.0 23.51 113.21 
250717-1304 250717-1304_14_11 23.344 0.004 38.2979 38.3539 0.7 10.2 23.40 113.83 
250717-1304 250717-1304_14_12 23.500 0.011 38.3342 38.3852 0.3 10.1 23.52 113.75 
250717-1304 250717-1304_14_13 23.500 0.035 38.2844 38.3326 0.7 11.0 23.66 113.00 
250717-1304 250717-1304_14_14 23.398 0.031 38.2579 38.3080 0.3 10.3 23.60 112.70 
250717-1304 250717-1304_14_15 23.297 0.003 38.2844 38.3423 0.2 16.8 23.33 109.39 
250717-1304 250717-1304_14_16 23.320 0.010 38.2555 38.3109 0.7 10.9 23.46 113.52 
250717-1304 250717-1304_14_17 23.449 0.034 38.3236 38.3716 0.2 9.8 23.66 113.30 
250717-1304 250717-1304_14_18 23.680 0.043 38.2865 38.3284 0.7 11.2 23.77 113.47 
250717-1304 250717-1304_14_19 23.641 0.020 38.2825 38.3287 0.3 12.6 23.65 112.91 
250717-1304 250717-1304_15_0 23.258 0.004 38.3218 38.3807 0.7 14.6 23.30 110.75 
250717-1304 250717-1304_15_1 23.859 0.038 38.2685 38.3073 0.2 9.2 23.85 112.99 
250717-1304 250717-1304_15_2 23.859 0.062 38.2871 38.3152 0.8 11.4 24.14 113.85 
250717-1304 250717-1304_15_3 23.254 0.028 38.2677 38.3230 0.2 11.5 23.46 114.74 
250717-1304 250717-1304_15_4 23.578 0.012 38.3418 38.3893 0.8 13.3 23.63 106.65 
250717-1304 250717-1304_15_5 23.516 0.004 38.2984 38.3489 0.3 11.0 23.53 108.91 
250717-1304 250717-1304_15_6 23.512 0.033 38.2709 38.3188 0.7 14.2 23.68 110.23 
250717-1304 250717-1304_15_7 23.469 0.027 38.2852 38.3332 0.3 12.6 23.65 112.38 
250717-1304 250717-1304_15_8 23.070 0.000 38.3064 38.3720 0.2 10.3 23.13 112.02 
250717-1304 250717-1304_15_9 23.113 0.006 38.2961 38.3586 0.7 9.7 23.26 111.62 
250717-1304 250717-1304_15_10 23.297 0.024 38.2534 38.3071 0.2 44.4 23.51 112.89 
250717-1304 250717-1304_15_11 23.340 0.024 38.3309 38.3858 0.7 10.9 23.43 113.49 
250717-1304 250717-1304_15_12 23.500 0.011 38.3300 38.3810 0.2 11.4 23.52 114.01 
250717-1304 250717-1304_15_13 23.516 0.012 38.3051 38.3540 0.7 9.6 23.63 112.73 
250717-1304 250717-1304_15_14 23.398 0.031 38.2770 38.3270 0.3 9.7 23.60 112.72 
250717-1304 250717-1304_15_15 23.289 0.015 38.2733 38.3304 0.6 11.1 23.38 112.59 
250717-1304 250717-1304_15_16 23.324 0.006 38.2821 38.3373 0.7 10.3 23.46 113.60 
250717-1304 250717-1304_15_17 23.465 0.010 38.2946 38.3451 0.3 9.2 23.57 112.94 
250717-1304 250717-1304_15_18 23.680 0.041 38.2993 38.3414 0.7 10.0 23.77 113.08 
250717-1304 250717-1304_15_19 23.629 0.039 38.2588 38.3054 0.3 13.2 23.63 113.10 
250717-1304 250717-1304_16_0 23.250 0.024 38.2476 38.3033 0.4 13.4 23.44 112.53 
250717-1304 250717-1304_16_1 23.859 0.035 38.3203 38.3591 0.2 12.5 23.86 112.51 
250717-1304 250717-1304_16_2 23.855 0.041 38.3467 38.3771 0.8 14.1 24.09 114.40 
250717-1304 250717-1304_16_3 23.254 0.026 38.3462 38.4012 0.3 11.0 23.47 115.77 
250717-1304 250717-1304_16_4 23.566 0.036 38.3293 38.3757 0.8 11.8 23.66 106.61 
250717-1304 250717-1304_16_5 23.516 0.004 38.3240 38.3745 0.3 10.6 23.54 115.44 
250717-1304 250717-1304_16_6 23.523 0.012 38.2882 38.3372 0.7 13.9 23.63 109.96 
250717-1304 250717-1304_16_7 23.473 0.025 38.3105 38.3585 0.2 13.5 23.66 112.43 
250717-1304 250717-1304_16_8 23.066 0.018 38.2516 38.3161 0.5 9.9 23.17 113.31 
250717-1304 250717-1304_16_9 23.109 0.007 38.2494 38.3119 0.7 12.9 23.26 111.47 
250717-1304 250717-1304_16_10 23.312 0.004 38.2551 38.3112 0.2 9.5 23.42 112.27 
250717-1304 250717-1304_16_11 23.340 0.022 38.2946 38.3496 0.7 9.9 23.42 113.25 
250717-1304 250717-1304_16_12 23.496 0.030 38.3378 38.3889 0.2 9.7 23.51 113.08 
250717-1304 250717-1304_16_13 23.516 0.012 38.3452 38.3940 0.7 10.8 23.64 113.36 
250717-1304 250717-1304_16_14 23.414 0.012 38.2856 38.3383 0.2 8.4 23.52 112.41 
250717-1304 250717-1304_16_15 23.281 0.022 38.2963 38.3533 0.7 8.9 23.38 114.09 
250717-1304 250717-1304_16_16 23.434 0.029 38.3202 38.3734 0.5 10.3 23.46 114.16 
250717-1304 250717-1304_16_17 23.461 0.012 38.2552 38.3056 0.2 11.5 23.58 112.69 
250717-1304 250717-1304_16_18 23.688 0.023 38.3282 38.3712 0.7 8.9 23.74 113.69 
250717-1304 250717-1304_16_19 23.629 0.041 38.2613 38.3079 0.3 9.4 23.63 113.09 
250717-1304 250717-1304_17_0 23.246 0.026 38.2847 38.3404 0.2 12.0 23.45 114.48 
250717-1304 250717-1304_17_1 23.867 0.065 38.3050 38.3392 0.6 10.8 23.98 114.91 
250717-1304 250717-1304_17_2 23.859 0.038 38.2757 38.3061 0.8 10.1 24.09 114.68 
250717-1304 250717-1304_17_3 23.270 0.006 38.3283 38.3859 0.2 11.2 23.38 115.85 
250717-1304 250717-1304_17_4 23.566 0.038 38.3168 38.3630 0.8 11.7 23.66 106.48 
250717-1304 250717-1304_17_5 23.508 0.024 38.3045 38.3553 0.3 14.2 23.52 108.34 
250717-1304 250717-1304_17_6 23.531 0.008 38.3286 38.3776 0.8 13.6 23.63 112.91 
250717-1304 250717-1304_17_7 23.488 0.010 38.2871 38.3373 0.2 12.6 23.58 112.17 
250717-1304 250717-1304_17_8 23.062 0.018 38.2876 38.3523 0.7 13.1 23.16 113.52 
250717-1304 250717-1304_17_9 23.273 0.020 38.2270 38.2857 0.4 13.1 23.30 111.91 
250717-1304 250717-1304_17_10 23.312 0.004 38.3043 38.3604 0.2 11.6 23.42 111.40 
250717-1304 250717-1304_17_11 23.352 0.004 38.2438 38.2996 0.7 10.8 23.40 113.41 
250717-1304 250717-1304_17_12 23.496 0.030 38.2826 38.3337 0.2 13.2 23.51 113.01 
250717-1304 250717-1304_17_13 23.504 0.033 38.3168 38.3646 0.8 9.1 23.67 112.86 
250717-1304 250717-1304_17_14 23.414 0.008 38.3100 38.3625 0.2 8.7 23.52 113.71 
250717-1304 250717-1304_17_15 23.297 0.000 38.3376 38.3955 0.7 8.9 23.35 113.66 
250717-1304 250717-1304_17_16 23.434 0.027 38.2560 38.3092 0.2 10.9 23.45 113.30 
250717-1304 250717-1304_17_17 23.453 0.030 38.2656 38.3156 0.6 9.4 23.62 112.22 
250717-1304 250717-1304_17_18 23.691 0.021 38.2957 38.3387 0.8 9.1 23.74 113.24 
250717-1304 250717-1304_17_19 23.645 0.016 38.2914 38.3375 0.3 9.9 23.65 114.19 
250717-1304 250717-1304_18_0 23.258 0.010 38.3060 38.3637 0.1 11.9 23.37 111.15 
250717-1304 250717-1304_18_1 23.863 0.065 38.2765 38.3108 0.7 12.1 23.98 115.00 
250717-1304 250717-1304_18_2 23.230 0.025 38.3108 38.3710 0.5 11.4 23.27 112.21 
250717-1304 250717-1304_18_3 23.270 0.009 38.3033 38.3607 0.3 10.9 23.38 115.93 
250717-1304 250717-1304_18_4 23.578 0.016 38.2766 38.3239 0.7 11.9 23.62 106.18 
250717-1304 250717-1304_18_5 23.512 0.022 38.3380 38.3886 0.3 13.3 23.52 109.32 
250717-1304 250717-1304_18_6 23.516 0.031 38.2591 38.3066 0.7 10.1 23.68 112.84 
250717-1304 250717-1304_18_7 23.484 0.010 38.2541 38.3042 0.2 11.2 23.59 112.56 
250717-1304 250717-1304_18_8 23.078 0.000 38.3222 38.3876 0.7 9.9 23.14 111.85 
250717-1304 250717-1304_18_9 23.281 0.018 38.2455 38.3040 0.3 12.1 23.31 113.17 
250717-1304 250717-1304_18_10 23.301 0.024 38.3200 38.3753 0.6 11.2 23.49 111.43 
250717-1304 250717-1304_18_11 23.352 0.006 38.3185 38.3742 0.7 12.5 23.40 112.58 
250717-1304 250717-1304_18_12 23.508 0.008 38.2492 38.3000 0.3 9.1 23.52 112.18 
250717-1304 250717-1304_18_13 23.504 0.035 38.2787 38.3262 0.7 9.2 23.67 111.98 
250717-1304 250717-1304_18_14 23.398 0.036 38.3420 38.3917 0.2 12.3 23.61 113.56 
250717-1304 250717-1304_18_15 23.297 0.006 38.2705 38.3284 0.7 12.1 23.35 112.64 
250717-1304 250717-1304_18_16 23.445 0.008 38.2985 38.3514 0.2 9.7 23.48 114.07 
250717-1304 250717-1304_18_17 23.453 0.031 38.2561 38.3059 0.6 10.8 23.62 114.41 
250717-1304 250717-1304_18_18 23.680 0.043 38.2961 38.3351 0.4 7.3 23.90 113.49 
250717-1304 250717-1304_18_19 23.645 0.018 38.2799 38.3259 0.3 9.9 23.64 113.55 
250717-1304 250717-1304_19_0 23.258 0.008 38.3366 38.3945 0.2 9.0 23.37 115.10 
250717-1304 250717-1304_19_1 23.859 0.039 38.3484 38.3845 0.7 11.8 23.93 114.95 
250717-1304 250717-1304_19_2 23.234 0.023 38.2843 38.3444 0.3 10.9 23.27 114.97 
250717-1304 250717-1304_19_3 23.258 0.025 38.3233 38.3805 0.6 9.1 23.43 115.30 
250717-1304 250717-1304_19_4 23.578 0.018 38.2432 38.2903 0.7 12.7 23.63 106.28 
250717-1304 250717-1304_19_5 23.516 0.008 38.3039 38.3544 0.3 14.0 23.53 109.21 
250717-1304 250717-1304_19_6 23.520 0.031 38.2649 38.3122 0.7 11.0 23.68 113.01 
250717-1304 250717-1304_19_7 23.473 0.027 38.3213 38.3690 0.2 11.0 23.66 112.01 
250717-1304 250717-1304_19_8 23.086 0.003 38.2438 38.3090 0.7 11.2 23.15 113.58 
250717-1304 250717-1304_19_9 23.289 0.000 38.2503 38.3085 0.3 9.6 23.32 112.96 
250717-1304 250717-1304_19_10 23.301 0.026 38.3003 38.3555 0.7 12.3 23.49 111.90 
250717-1304 250717-1304_19_11 23.344 0.023 38.2978 38.3503 0.3 10.8 23.54 113.44 
250717-1304 250717-1304_19_12 23.500 0.015 38.2540 38.3050 0.3 10.5 23.52 111.15 
250717-1304 250717-1304_19_13 23.516 0.016 38.2729 38.3213 0.7 8.7 23.64 111.99 
250717-1304 250717-1304_19_14 23.398 0.036 38.3178 38.3674 0.2 8.7 23.61 113.95 
250717-1304 250717-1304_19_15 23.289 0.019 38.2917 38.3485 0.7 12.6 23.38 112.87 
250717-1304 250717-1304_19_16 23.445 0.010 38.3297 38.3826 0.2 8.9 23.48 114.31 
250717-1304 250717-1304_19_17 23.465 0.010 38.2644 38.3151 0.7 10.1 23.59 115.20 
250717-1304 250717-1304_19_18 23.684 0.041 38.3137 38.3527 0.3 13.5 23.90 108.65 
250717-1304 250717-1304_19_19 23.637 0.033 38.2818 38.3259 0.6 11.0 23.71 113.59 
250717-1304 250717-1304_20_0 23.250 0.024 38.2698 38.3252 0.2 13.8 23.45 114.60 
250717-1304 250717-1304_20_1 23.859 0.038 38.3154 38.3516 0.7 11.3 23.93 115.11 
250717-1304 250717-1304_20_2 23.246 0.007 38.2634 38.3230 0.2 12.3 23.28 112.79 
250717-1304 250717-1304_20_3 23.254 0.029 38.2395 38.2964 0.7 10.9 23.43 114.87 
250717-1304 250717-1304_20_4 23.562 0.041 38.2573 38.3006 0.4 9.7 23.78 108.17 
250717-1304 250717-1304_20_5 23.516 0.008 38.2698 38.3203 0.2 10.9 23.53 108.85 
250717-1304 250717-1304_20_6 23.531 0.008 38.3026 38.3510 0.9 13.9 23.63 115.78 
250717-1304 250717-1304_20_7 23.473 0.025 38.3376 38.3850 0.2 11.6 23.66 112.13 
250717-1304 250717-1304_20_8 23.066 0.022 38.2595 38.3238 0.7 10.5 23.17 113.27 
250717-1304 250717-1304_20_9 23.289 0.003 38.3084 38.3665 0.2 10.3 23.32 111.40 
250717-1304 250717-1304_20_10 23.312 0.004 38.2573 38.3129 0.7 11.8 23.46 112.53 
250717-1304 250717-1304_20_11 23.340 0.028 38.3214 38.3736 0.2 10.7 23.54 114.47 
250717-1304 250717-1304_20_12 23.500 0.027 38.2735 38.3226 0.6 11.2 23.59 114.00 
250717-1304 250717-1304_20_13 23.516 0.016 38.2651 38.3136 0.7 9.5 23.64 112.75 
250717-1304 250717-1304_20_14 23.410 0.014 38.2942 38.3464 0.2 10.4 23.52 112.58 
250717-1304 250717-1304_20_15 23.293 0.020 38.3171 38.3738 0.7 11.3 23.39 113.80 
250717-1304 250717-1304_20_16 23.441 0.025 38.2782 38.3312 0.2 11.3 23.47 114.24 
250717-1304 250717-1304_20_17 23.465 0.010 38.2760 38.3264 0.7 14.6 23.59 109.56 
250717-1304 250717-1304_20_18 23.688 0.023 38.2944 38.3360 0.1 9.3 23.80 114.83 
250717-1304 250717-1304_20_19 23.633 0.039 38.2816 38.3255 0.7 9.9 23.71 113.69 
250717-1304 250717-1304_21_0 23.246 0.026 38.3104 38.3657 0.2 12.6 23.45 114.57 
250717-1304 250717-1304_21_1 23.867 0.061 38.3444 38.3788 0.8 10.2 23.98 114.97 
250717-1304 250717-1304_21_2 23.250 0.004 38.3310 38.3905 0.2 11.5 23.28 112.24 
250717-1304 250717-1304_21_3 23.270 0.010 38.3327 38.3903 0.7 9.7 23.39 111.96 
250717-1304 250717-1304_21_4 23.566 0.038 38.2841 38.3274 0.3 11.0 23.78 108.79 
250717-1304 250717-1304_21_5 23.516 0.020 38.2764 38.3255 0.6 11.1 23.59 112.43 
250717-1304 250717-1304_21_6 23.531 0.010 38.2629 38.3112 0.7 12.5 23.64 112.69 
250717-1304 250717-1304_21_7 23.484 0.012 38.3469 38.3966 0.2 10.2 23.58 111.78 
250717-1304 250717-1304_21_8 23.070 0.022 38.3137 38.3778 0.7 11.1 23.18 113.65 
250717-1304 250717-1304_21_9 23.285 0.018 38.2701 38.3284 0.2 10.5 23.31 111.67 
250717-1304 250717-1304_21_10 23.316 0.007 38.2913 38.3470 0.7 10.3 23.46 113.42 
250717-1304 250717-1304_21_11 23.352 0.008 38.3213 38.3761 0.2 10.5 23.46 113.45 
250717-1304 250717-1304_21_12 23.500 0.027 38.2470 38.2962 0.7 9.5 23.59 113.82 
250717-1304 250717-1304_21_13 23.383 0.031 38.2794 38.3344 0.5 9.5 23.41 113.78 
250717-1304 250717-1304_21_14 23.414 0.014 38.2927 38.3449 0.2 9.8 23.53 112.40 
250717-1304 250717-1304_21_15 23.301 0.005 38.3377 38.3952 0.7 10.8 23.36 113.15 
250717-1304 250717-1304_21_16 23.441 0.025 38.2486 38.3016 0.3 10.1 23.46 114.01 
250717-1304 250717-1304_21_17 23.453 0.033 38.2356 38.2849 0.7 12.1 23.63 113.95 
250717-1304 250717-1304_21_18 23.688 0.023 38.3476 38.3893 0.3 9.8 23.81 114.83 
250717-1304 250717-1304_21_19 23.645 0.016 38.2726 38.3176 0.7 9.1 23.68 113.23 
250717-1304 250717-1304_22_0 23.258 0.011 38.2463 38.3038 0.2 10.3 23.37 114.96 
250717-1304 250717-1304_22_1 23.867 0.066 38.2706 38.3046 0.8 11.1 23.98 112.72 
250717-1304 250717-1304_22_2 23.242 0.022 38.2650 38.3248 0.2 10.2 23.27 112.88 
250717-1304 250717-1304_22_3 23.277 0.009 38.2989 38.3564 0.7 9.6 23.40 112.51 
250717-1304 250717-1304_22_4 23.582 0.016 38.2884 38.3341 0.2 12.0 23.70 109.67 
250717-1304 250717-1304_22_5 23.508 0.025 38.2818 38.3308 0.7 11.2 23.59 112.58 
250717-1304 250717-1304_22_6 23.465 0.022 38.2551 38.3073 0.5 12.2 23.48 113.24 
250717-1304 250717-1304_22_7 23.484 0.012 38.3383 38.3882 0.3 10.9 23.59 111.72 
250717-1304 250717-1304_22_8 23.086 0.003 38.3233 38.3882 0.8 12.0 23.16 111.39 
250717-1304 250717-1304_22_9 23.285 0.014 38.2690 38.3273 0.2 12.6 23.31 112.85 
250717-1304 250717-1304_22_10 23.305 0.025 38.2396 38.2942 0.7 10.6 23.49 113.71 
250717-1304 250717-1304_22_11 23.352 0.008 38.2955 38.3502 0.3 11.9 23.46 113.22 
250717-1304 250717-1304_22_12 23.508 0.008 38.3098 38.3600 0.7 11.2 23.55 113.52 
250717-1304 250717-1304_22_13 23.383 0.029 38.2535 38.3085 0.3 8.8 23.41 111.60 
250717-1304 250717-1304_22_14 23.402 0.034 38.2771 38.3287 0.6 11.5 23.58 112.69 
250717-1304 250717-1304_22_15 23.301 0.005 38.3043 38.3618 0.7 8.1 23.36 112.72 
250717-1304 250717-1304_22_16 23.445 0.008 38.2407 38.2936 0.3 12.2 23.47 112.82 
250717-1304 250717-1304_22_17 23.457 0.031 38.2816 38.3306 0.7 9.7 23.63 113.86 
250717-1304 250717-1304_22_18 23.680 0.041 38.2819 38.3206 0.2 13.9 23.90 109.98 
250717-1304 250717-1304_22_19 23.641 0.020 38.3234 38.3683 0.7 11.4 23.68 114.08 
