250717-1304_0_0 4 400 37.7695 23.3 0.00288675 37.8273 0.0310604 0.0869853 -3533.48 93.5531
250717-1304_0_10 4 400 37.7145 23.4614 0.00852168 37.7668 0.0294798 0.105934 -3493.61 92.6331
250717-1304_0_11 4 400 37.7242 23.9336 0.00801784 37.7605 0.0275015 0.22205 -3507.38 92.9738
250717-1304_0_12 4 400 37.7704 23.8163 0.00482059 37.8107 0.0237751 0.150642 -3502.56 92.7329
250717-1304_0_1 4 400 37.7037 23.6943 0.00534522 37.7481 0.0251336 0.0708345 -3516.65 93.2702
250717-1304_0_13 4 400 37.7777 23.6914 0.00556349 37.8222 0.0183435 0.229089 -3502.28 92.7074
250717-1304_0_14 4 400 37.6664 23.4843 0.00449868 37.7179 0.0290743 0.0493468 -3459.11 91.8354
250717-1304_0_15 4 400 37.7002 23.8997 0.00684871 37.7376 0.0218807 0.177643 -3473.69 92.1395
250717-1304_0_16 4 400 37.6967 23.7383 0.00518698 37.7396 0.0145323 1.02009 -3464.72 91.9103
250717-1304_0_17 4 400 37.6959 23.5907 0.00188982 37.7438 0.0290264 0.129985 -3485.99 92.4764
250717-1304_0_18 4 400 37.7396 23.9464 0.00475595 37.7754 0.0181392 0.189462 -3487.34 92.4052
250717-1304_0_19 4 400 37.7049 24.0611 0.0019518 37.7368 0.0343507 0.0957926 -3482.14 92.3517
250717-1304_0_2 4 400 37.775 23.9564 0.00377964 37.8105 0.0184403 0.330167 -3533.77 93.5476
250717-1304_0_3 4 400 37.7703 23.355 0.005 37.8262 0.0279684 0.153952 -3512.55 92.9971
250717-1304_0_4 4 400 37.7351 23.8521 0.00906327 37.7742 0.0165336 0.253782 -3531.42 93.5844
250717-1304_0_5 4 400 37.7902 23.8714 0.00748013 37.8285 0.0253591 0.0842184 -3499.93 92.6145
250717-1304_0_6 4 400 37.7437 23.6957 0.00345033 37.7881 0.0128608 0.249789 -3473.43 92.0264
250717-1304_0_7 4 400 37.7477 23.5079 0.00393398 37.7985 0.0278153 0.0712412 -3510.04 92.9861
250717-1304_0_8 4 400 37.7382 23.9093 0.00449868 37.7752 0.0179187 0.176268 -3518.88 93.2443
250717-1304_0_9 4 400 37.7355 23.4107 0.00188982 37.7895 0.0167044 0.101556 -3510.86 93.0386
250717-1304_10_0 4 400 37.7256 23.4664 0.00475595 37.7778 0.0201774 0.261938 -3521.43 93.3429
250717-1304_10_10 4 400 37.7029 23.7399 0.00633584 37.7457 0.0185833 1.07645 -3518.94 93.3332
250717-1304_10_11 4 400 37.7465 23.5129 0.00636209 37.797 0.0302243 0.0401776 -3487.01 92.3791
250717-1304_10_12 4 400 37.7495 23.8814 0.00377964 37.7875 0.0249141 0.214691 -3485.03 92.3196
250717-1304_10_1 4 400 37.7917 23.8436 0.00243975 37.831 0.0228983 0.127351 -3512.12 92.9335
250717-1304_10_13 4 400 37.7024 23.9271 0.00393398 37.7389 0.026248 0.12248 -3470.89 92.0601
250717-1304_10_14 4 400 37.7804 23.6583 0.0029277 37.826 0.0187171 0.33665 -3481.75 92.1575
250717-1304_10_15 4 400 37.6775 23.4136 0.00475595 37.7314 0.0263898 0.132512 -3473.74 92.1963
250717-1304_10_16 4 400 37.6882 23.8407 0.00188982 37.7277 0.0185423 0.101301 -3468.91 92.0419
250717-1304_10_17 4 400 37.7279 23.8514 0.00626783 37.767 0.0261605 0.0766992 -3473.98 92.0797
250717-1304_10_18 4 400 37.7304 23.8329 0.00393398 37.7701 0.0106069 0.55525 -3492.87 92.5744
250717-1304_10_19 4 400 37.7436 24.1014 0.00377964 37.7742 0.0166586 0.271433 -3482.12 92.2568
250717-1304_10_2 4 400 37.7689 24.1447 0.00708788 37.798 0.0295351 0.0493107 -3507.98 92.8801
250717-1304_1_0 4 400 37.7602 23.3064 0.00243975 37.8178 0.0185105 0.072816 -3526.7 93.3971
250717-1304_10_3 4 400 37.7551 23.5336 0.00556349 37.805 0.0221839 0.0438325 -3514.77 93.0937
250717-1304_10_4 4 400 37.6962 23.675 0.00645497 37.7413 0.0178609 0.252536 -3483.08 92.3985
250717-1304_10_5 4 400 37.7735 24.0727 0.00590803 37.8051 0.0115902 1.41893 -3510.23 92.9283
250717-1304_10_6 4 400 37.7582 23.9336 0.00475595 37.7944 0.0245858 0.103718 -3475.68 92.0509
250717-1304_10_7 4 400 37.7305 23.66 0 37.776 0.0235052 0.150512 -3511.73 93.0742
250717-1304_10_8 4 400 37.7443 23.2079 0.00755929 37.8052 0.0271975 0.0955112 -3501.08 92.7571
250717-1304_10_9 4 400 37.6958 23.6929 0.00809174 37.7403 0.0205143 0.238355 -3503.37 92.9378
250717-1304_1_10 4 400 37.688 23.4786 0.00377964 37.7398 0.0174252 0.156488 -3485.31 92.4778
250717-1304_11_0 4 400 37.6922 23.4783 0.0029277 37.7439 0.0227447 0.140241 -3523.52 93.4813
250717-1304_11_10 4 400 37.7477 23.757 0.00728011 37.79 0.0112206 1.72131 -3517.34 93.1803
250717-1304_11_11 4 400 37.7363 23.5471 0.0048795 37.7857 0.0199186 0.380767 -3492.03 92.5373
250717-1304_11_12 4 400 37.7041 23.8936 0.00377964 37.7417 0.0167954 0.526997 -3487.25 92.4899
250717-1304_1_11 4 400 37.7275 23.8941 0.00501427 37.7651 0.0129088 0.120831 -3515.98 93.194
250717-1304_11_1 4 400 37.7795 23.8593 0.00188982 37.8183 0.0262779 0.131327 -3528.38 93.3938
250717-1304_11_13 4 400 37.6784 23.8686 0.00748013 37.7168 0.0346472 0.0604265 -3457.64 91.767
250717-1304_11_14 4 400 37.721 23.6743 0.00607493 37.7661 0.0282468 0.073547 -3459.31 91.7074
250717-1304_11_15 4 400 37.6665 23.3963 0.00446148 37.721 0.0101635 0.950246 -3484.06 92.4977
250717-1304_11_16 4 400 37.7048 23.8493 0.00607493 37.7439 0.0234849 0.0959918 -3470.8 92.0519
250717-1304_11_17 4 400 37.7275 23.77 0.00288675 37.7693 0.0258313 0.0358287 -3474.04 92.0826
250717-1304_11_18 4 400 37.7528 23.8407 0.00188982 37.7922 0.0131653 0.200533 -3490.51 92.4569
250717-1304_11_19 4 400 37.7306 23.6306 0.00151186 37.7772 0.0254375 0.0828483 -3474.22 92.0791
250717-1304_1_12 4 400 37.6968 23.8314 0.00556349 37.7365 0.0277238 0.102065 -3493.38 92.67
250717-1304_11_2 4 400 37.7836 24.1563 0.00482059 37.8123 0.0175791 0.136138 -3532.2 93.4847
250717-1304_1_1 4 400 37.7765 23.7534 0.00916255 37.8189 0.0262341 0.0925861 -3538.55 93.6703
250717-1304_1_13 4 400 37.7697 23.7271 0.0048795 37.813 0.0268725 0.0961465 -3494.32 92.5158
250717-1304_11_3 4 400 37.6958 23.6914 0.00556349 37.7403 0.00951258 1.32688 -3505.34 92.9903
250717-1304_1_14 4 400 37.7211 23.499 0.00695222 37.7721 0.0291573 0.0812716 -3463.57 91.8201
250717-1304_11_4 4 400 37.7348 23.6936 0.00475595 37.7792 0.0211156 0.200546 -3494.75 92.6131
250717-1304_1_15 4 400 37.7311 23.8736 0.00475595 37.7694 0.0166289 0.0846003 -3479.82 92.2264
250717-1304_11_5 4 400 37.7035 24.025 0.00408248 37.7367 0.0165652 0.0869393 -3480.33 92.3077
250717-1304_1_16 4 400 37.7413 23.7586 0.00626783 37.7835 0.00943023 0.501072 -3487.35 92.4015
250717-1304_11_6 4 400 37.7021 23.9464 0.00475595 37.738 0.032631 0.0785018 -3479.02 92.2764
250717-1304_1_17 4 400 37.7489 23.6306 0.00151186 37.7955 0.0176892 0.570138 -3492.38 92.516
250717-1304_11_7 4 400 37.749 23.6957 0.00449868 37.7933 0.0252303 0.15505 -3501.82 92.7657
250717-1304_1_18 4 400 37.711 23.9529 0.00393398 37.7466 0.0171737 0.257889 -3489.15 92.5233
250717-1304_11_8 4 400 37.7139 23.2277 0.00644759 37.7742 0.0278872 0.10277 -3495.45 92.6831
250717-1304_1_19 4 400 37.7519 23.9979 0.00566947 37.786 0.0218079 0.121649 -3486.69 92.3574
250717-1304_11_9 4 400 37.7002 23.665 0.0057735 37.7456 0.0273061 0.112055 -3511.85 93.1519
250717-1304_12_0 4 400 37.7628 23.5207 0.00345033 37.813 0.0301539 0.216307 -3523.36 93.3023
250717-1304_12_10 4 400 37.7758 23.6729 0.00809174 37.8209 0.0262316 0.119805 -3503.37 92.741
250717-1304_12_11 4 400 37.7572 23.56 0 37.8061 0.0152706 0.49866 -3522.98 93.306
250717-1304_12_12 4 400 37.7258 23.5329 0.00267261 37.7757 0.0168483 0.188903 -3502.47 92.8402
250717-1304_12_1 4 400 37.6962 23.8636 0.00475595 37.7348 0.0290426 0.0662354 -3486.19 92.4807
250717-1304_12_13 4 400 37.7201 23.8831 0.00362531 37.758 0.0230718 0.0981527 -3489.55 92.5117
250717-1304_12_14 4 400 37.711 23.6406 0.00472077 37.7573 0.0202315 0.154204 -3463.96 91.8552
250717-1304_12_15 4 400 37.7203 23.41 0 37.7743 0.0255322 0.121387 -3499.87 92.7847
250717-1304_12_16 4 400 37.742 23.912 0.0051316 37.779 0.0184534 0.159692 -3472.55 92.0073
250717-1304_12_17 4 400 37.682 23.7879 0.00636209 37.7232 0.0267753 0.0980017 -3465.57 91.9684
250717-1304_12_18 4 400 37.6827 23.8393 0.00188982 37.7222 0.0197511 0.142701 -3457.72 91.7587
250717-1304_12_19 4 400 37.7632 23.6306 0.00151186 37.8098 0.0278144 0.0954279 -3484.71 92.2776
250717-1304_12_2 4 400 37.7267 24.1377 0.0040708 37.756 0.0225873 0.119566 -3509.69 93.0291
250717-1304_1_2 4 400 37.7614 23.9593 0.00188982 37.7968 0.00973892 0.16654 -3513.08 93.0337
250717-1304_12_3 4 400 37.7318 23.7036 0.00556349 37.7758 0.0274879 0.107262 -3518.07 93.2386
250717-1304_12_4 4 400 37.7624 23.73 3.83737e-15 37.8056 0.0140978 0.684976 -3489.53 92.4074
250717-1304_12_5 4 400 37.7158 24.0364 0.00556349 37.7485 0.0187636 0.185041 -3495.92 92.6909
250717-1304_12_6 4 400 37.7299 23.8771 0.00393398 37.7681 0.0264175 0.0711741 -3494.97 92.6309
250717-1304_12_7 4 400 37.7282 23.7086 0.00626783 37.7721 0.0207456 0.127514 -3483.61 92.3343
250717-1304_12_8 4 400 37.6648 23.2093 0.00607493 37.7257 0.00556755 0.827624 -3492.85 92.7352
250717-1304_12_9 4 400 37.6921 23.6829 0.0048795 37.7369 0.0169891 0.0744501 -3517.01 93.3084
250717-1304_13_0 4 400 37.6964 23.5364 0.00556349 37.7461 0.0279025 0.0623822 -3501.57 92.8887
250717-1304_13_10 4 400 37.6944 23.6964 0.00475595 37.7387 0.0155883 0.154629 -3497.27 92.7794
250717-1304_13_11 4 400 37.7195 23.5607 0.00449868 37.7684 0.0272711 0.26711 -3497.16 92.7147
250717-1304_13_12 4 400 37.7688 23.54 0.00288675 37.8185 0.0195846 0.0894381 -3485.72 92.2908
250717-1304_13_1 4 400 37.6725 23.8429 0.00393398 37.7119 0.0164294 0.5944 -3498.38 92.8626
250717-1304_13_13 4 400 37.7223 23.9379 0.00859125 37.7584 0.0113621 0.334913 -3495.02 92.6513
250717-1304_13_14 4 400 37.7297 23.6526 0.00377964 37.7755 0.0238321 0.138787 -3469.7 91.9619
250717-1304_13_15 4 400 37.7166 23.47 0.00763763 37.7686 0.0284181 0.111507 -3475.91 92.1583
250717-1304_13_16 4 400 37.6825 23.9357 0.0109653 37.7186 0.0197781 0.130348 -3469.8 92.0799
250717-1304_13_17 4 400 37.7086 23.8883 0.00579409 37.7464 0.0303366 0.0592391 -3451.53 91.531
250717-1304_13_18 4 400 37.7069 23.84 0 37.7463 0.0201631 0.0658376 -3475.79 92.1792
250717-1304_13_19 4 400 37.7152 23.66 0 37.7608 0.027615 0.0970073 -3465.47 91.885
250717-1304_13_2 4 400 37.8042 24.1391 0.00226779 37.8335 0.0229431 0.0971921 -3521.12 93.1408
250717-1304_1_3 4 400 37.6721 23.4091 0.00226779 37.7262 0.0252427 0.128495 -3498.18 92.8585
250717-1304_13_3 4 400 37.7718 23.6243 0.00607493 37.8186 0.0319518 0.130802 -3519.37 93.1739
250717-1304_13_4 4 400 37.786 23.7397 0.00368394 37.8288 0.0183241 0.568164 -3493.07 92.4431
250717-1304_13_5 4 400 37.7171 23.5464 0.00243975 37.7665 0.0154533 0.431106 -3502.74 92.8685
250717-1304_13_6 4 400 37.6981 23.887 0.00574456 37.736 0.0290714 0.0875948 -3472.07 92.1014
250717-1304_13_7 4 400 37.6999 23.6807 0.00449868 37.7447 0.026701 0.135687 -3498.36 92.7948
250717-1304_13_8 4 400 37.6822 23.2227 0.00561885 37.7427 0.0274179 0.117646 -3494.33 92.7312
250717-1304_13_9 4 400 37.6823 23.7599 0.00940618 37.7245 0.0202011 0.251354 -3506.69 93.0589
250717-1304_14_0 4 400 37.7711 23.5079 0.00755929 37.8218 0.0196677 0.173789 -3516.81 93.1083
250717-1304_14_10 4 400 37.7253 23.7993 0.00672593 37.7662 0.0125378 0.169152 -3508.88 93.0114
250717-1304_14_11 4 400 37.745 23.5714 0.00377964 37.7936 0.011775 0.0997089 -3503.9 92.8306
250717-1304_14_12 4 400 37.762 23.5646 0.00411733 37.8108 0.0343677 0.0444352 -3487.46 92.3541
250717-1304_14_1 4 400 37.766 23.8471 0.00267261 37.8052 0.0173387 0.123693 -3540.66 93.7523
250717-1304_14_13 4 400 37.7224 23.955 0.00645497 37.758 0.0231127 0.183537 -3470.52 92.0014
250717-1304_14_14 4 400 37.6902 23.812 0.00382971 37.7305 0.00989709 1.10625 -3467.84 92.0091
250717-1304_14_15 4 400 37.717 23.4821 0.00393398 37.7686 0.0228324 0.11425 -3497.51 92.7298
250717-1304_14_16 4 400 37.7125 23.8847 0.00579409 37.7504 0.0183807 0.230631 -3480.4 92.2874
250717-1304_14_17 4 400 37.7604 23.904 0.00447214 37.7977 0.0243976 0.0853112 -3476.86 92.0764
250717-1304_14_18 4 400 37.7354 23.8793 0.00188982 37.7735 0.0183127 0.257648 -3466.62 91.8664
250717-1304_14_19 4 400 37.7226 23.6671 0.00267261 37.768 0.0246574 0.178037 -3469.8 91.9816
250717-1304_14_2 4 400 37.7338 24.1929 0.0048795 37.7613 0.0275932 0.1152 -3513.08 93.1013
250717-1304_1_4 4 400 37.778 23.8784 0.00454082 37.8161 0.0179792 0.171674 -3527.22 93.3667
250717-1304_14_3 4 400 37.7279 23.6379 0.00755929 37.7742 0.0320752 0.0773571 -3501.75 92.8161
250717-1304_14_4 4 400 37.7701 23.7379 0.00267261 37.813 0.0158436 0.358668 -3475.13 92.0078
250717-1304_14_5 4 400 37.7208 23.5536 0.00243975 37.77 0.0214303 0.0619582 -3485.36 92.3985
250717-1304_14_6 4 400 37.7222 23.95 3.83737e-15 37.7579 0.0249551 0.261525 -3498.66 92.7475
250717-1304_14_7 4 400 37.7265 23.6929 0.00393398 37.771 0.0159287 0.105343 -3507.74 92.9781
250717-1304_14_8 4 400 37.6768 23.28 0.00866025 37.7353 0.028154 0.161272 -3509.34 93.1426
250717-1304_14_9 4 400 37.7778 23.7764 0.00690066 37.8194 0.0219629 0.174476 -3516.03 93.0711
250717-1304_15_0 4 400 37.7748 23.5171 0.00393398 37.8252 0.0192358 0.134021 -3536.3 93.6154
250717-1304_15_10 4 400 37.6953 23.8106 0.00151186 37.7358 0.0197855 0.0755532 -3503.02 92.9294
250717-1304_15_11 4 400 37.7673 23.6114 0.00556349 37.8146 0.0229781 0.125356 -3479.62 92.1329
250717-1304_15_12 4 400 37.7545 23.5793 0.00672593 37.8028 0.0282037 0.0629553 -3487.25 92.3657
250717-1304_15_1 4 400 37.699 23.8826 0.00377964 37.737 0.0237057 0.0951073 -3520.44 93.3826
250717-1304_15_13 4 400 37.7514 23.95 3.83737e-15 37.7871 0.0169279 0.154299 -3495.47 92.5918
250717-1304_15_14 4 400 37.7027 23.8219 0.0067436 37.7427 0.0255074 0.126271 -3458.94 91.7424
250717-1304_15_15 4 400 37.7352 23.5179 0.00393398 37.7856 0.0183955 0.832815 -3484.25 92.3341
250717-1304_15_16 4 400 37.7245 23.8976 0.00599603 37.762 0.025253 0.115071 -3473.36 92.0713
250717-1304_15_17 4 400 37.7238 23.8386 0.00243975 37.7633 0.0288542 0.113059 -3462.85 91.7942
250717-1304_15_18 4 400 37.7422 23.8876 0.00509435 37.7801 0.0235887 0.275183 -3472.95 92.0173
250717-1304_15_19 4 400 37.669 23.6479 0.00267261 37.715 0.00502884 1.63701 -3451.36 91.6232
250717-1304_15_2 4 400 37.7334 24.2 3.83737e-15 37.7606 0.0153417 0.192228 -3517.23 93.2125
250717-1304_1_5 4 400 37.7858 23.9711 0.00609449 37.8208 0.02584 0.177838 -3518.78 93.1244
250717-1304_15_3 4 400 37.7106 23.7427 0.00561885 37.7534 0.0291991 0.114052 -3508.68 93.0418
250717-1304_15_4 4 400 37.7714 23.7457 0.0029277 37.814 0.025151 0.169726 -3478.49 92.0931
250717-1304_15_5 4 400 37.7376 23.5807 0.00345033 37.7859 0.0256468 0.135746 -3485.25 92.3549
250717-1304_15_6 4 400 37.718 23.9654 0.00748013 37.7532 0.0247702 0.0532758 -3497.51 92.7273
250717-1304_15_7 4 400 37.7319 23.8407 0.00188982 37.7713 0.0118226 0.809485 -3519.64 93.2802
250717-1304_15_8 4 400 37.7412 23.3021 0.00698638 37.7989 0.026943 0.0719769 -3515.95 93.1591
250717-1304_15_9 4 400 37.7562 23.7191 0.00719788 37.7997 0.0242362 0.216488 -3516.5 93.1367
250717-1304_16_0 4 400 37.691 23.6707 0.00607493 37.7362 0.00835378 1.38534 -3521.44 93.4292
250717-1304_16_10 4 400 37.6936 23.7456 0.00789213 37.7363 0.024179 0.145649 -3504.53 92.9739
250717-1304_16_11 4 400 37.7202 23.6291 0.00429839 37.7668 0.0257958 0.0777331 -3465.96 91.8858
250717-1304_16_12 4 400 37.7684 23.56 0 37.8174 0.0184849 0.577925 -3491.18 92.4364
250717-1304_16_1 4 400 37.7478 23.8964 0.00475595 37.7853 0.0241584 0.152963 -3525.01 93.3829
250717-1304_16_13 4 400 37.782 23.9579 0.0048795 37.8175 0.0219956 0.102497 -3489.71 92.3643
250717-1304_16_14 4 400 37.7435 23.7321 0.00393398 37.7866 0.0242853 0.177173 -3492.69 92.5372
250717-1304_16_15 4 400 37.7536 23.5343 0.00672593 37.8034 0.0102434 0.445504 -3487.86 92.3847
250717-1304_16_16 4 400 37.7652 23.4864 0.00377964 37.8166 0.0243644 0.132896 -3484.61 92.27
250717-1304_16_17 4 400 37.6946 23.8514 0.00626783 37.7337 0.0205133 0.296872 -3465.4 91.9333
250717-1304_16_18 4 400 37.747 23.8571 0.00267261 37.7858 0.0158599 0.0973295 -3460.35 91.6722
250717-1304_16_19 4 400 37.6877 23.654 0.00447214 37.7335 0.0323424 0.0637874 -3460.87 91.8298
250717-1304_16_2 4 400 37.7739 24.1486 0.00243975 37.8029 0.020154 0.141771 -3496.81 92.5718
250717-1304_1_6 4 400 37.7592 23.7 3.83737e-15 37.8034 0.0264433 0.0691483 -3484.63 92.2851
250717-1304_16_3 4 400 37.7941 23.7571 0.00566947 37.8364 0.0262242 0.0547172 -3516.75 93.0499
250717-1304_16_4 4 400 37.7619 23.7829 0.00566947 37.8032 0.0192271 0.157843 -3470.42 91.9026
250717-1304_16_5 4 400 37.7544 23.59 0 37.8023 0.0279221 0.101148 -3494.32 92.5539
250717-1304_16_6 4 400 37.7264 23.94 0.00408248 37.7625 0.0212048 0.237347 -3489.14 92.4851
250717-1304_16_7 4 400 37.765 23.8557 0.00672593 37.8039 0.011626 2.45054 -3527.84 93.4157
250717-1304_16_8 4 400 37.7015 23.3279 0.00566947 37.7584 0.0148111 0.730969 -3502.68 92.9053
250717-1304_16_9 4 400 37.6907 23.7299 0.00318479 37.7339 0.026232 0.216528 -3500.99 92.887
250717-1304_17_0 4 400 37.7237 23.6914 0.00556349 37.7682 0.0326107 0.0564457 -3512.11 93.1001
250717-1304_17_10 4 400 37.7462 23.7679 0.0048795 37.7881 0.0274796 0.10752 -3513.54 93.083
250717-1304_17_11 4 400 37.6884 23.5979 0.00566947 37.7361 0.0185879 0.275609 -3476.97 92.2552
250717-1304_17_12 4 400 37.7168 23.564 0.00447214 37.7656 0.0236879 0.153657 -3479.9 92.2634
250717-1304_17_1 4 400 37.7693 23.9629 0.00393398 37.8046 0.0120829 0.563799 -3520.5 93.2106
250717-1304_17_13 4 400 37.7815 24.0164 0.00556349 37.815 0.0175329 0.268459 -3496.62 92.5483
250717-1304_17_14 4 400 37.7517 23.7536 0.00748013 37.7941 0.0307455 0.0951956 -3482.36 92.2434
250717-1304_17_15 4 400 37.7477 23.535 0.00645497 37.7975 0.0155078 0.313821 -3464.27 91.7743
250717-1304_17_16 4 400 37.6863 23.4966 0.00320713 37.7374 0.0304099 0.124196 -3468.41 92.0334
250717-1304_17_17 4 400 37.7287 23.9107 0.00188982 37.7657 0.017259 0.0972001 -3477.87 92.1809
250717-1304_17_18 4 400 37.7337 23.8643 0.00345033 37.7723 0.0204101 0.140434 -3471.17 91.9914
250717-1304_17_19 4 400 37.7149 23.7007 0.00188982 37.759 0.0244313 0.0533043 -3465.08 91.8755
250717-1304_17_2 4 400 37.7264 24.151 0.00331662 37.7553 0.0188116 0.256102 -3512.59 93.1066
250717-1304_1_7 4 400 37.6872 23.5321 0.0048795 37.7371 0.023627 0.181153 -3488.56 92.5659
250717-1304_17_3 4 400 37.7627 23.6964 0.00475595 37.8071 0.027507 0.0913531 -3495.28 92.5586
250717-1304_17_4 4 400 37.7644 23.8 0.0057735 37.8052 0.0148862 0.219627 -3486.89 92.3327
250717-1304_17_5 4 400 37.7308 23.5684 0.00489412 37.7795 0.0144061 0.904331 -3480.96 92.2575
250717-1304_17_6 4 400 37.782 23.9493 0.00188982 37.8177 0.0186049 0.270552 -3519.27 93.1466
250717-1304_17_7 4 400 37.7201 23.7729 0.0048795 37.7618 0.0204359 0.0594243 -3502.73 92.8609
250717-1304_17_8 4 400 37.7532 23.345 0.0057735 37.8095 0.00932208 0.419112 -3518.46 93.1962
250717-1304_17_9 4 400 37.6727 23.3571 0.00393398 37.7286 0.0247606 0.175408 -3511.99 93.2236
250717-1304_18_0 4 400 37.7472 23.6057 0.00786796 37.7946 0.0325888 0.174156 -3535.13 93.652
250717-1304_18_10 4 400 37.7814 23.8257 0.00672593 37.8214 0.021829 0.238539 -3521.74 93.2134
250717-1304_18_11 4 400 37.7792 23.6093 0.00534522 37.8265 0.020722 0.17139 -3512.26 92.9679
250717-1304_18_12 4 400 37.675 23.6221 0.0048795 37.7219 0.0269286 0.205191 -3470.95 92.1284
250717-1304_18_1 4 400 37.7325 23.972 0.00382971 37.7675 0.0142517 0.629113 -3512.67 93.094
250717-1304_18_13 4 400 37.7411 24.0279 0.00698638 37.7741 0.0213052 0.265162 -3484.3 92.3209
250717-1304_18_14 4 400 37.765 23.8629 0.0048795 37.8037 0.0306759 0.0830169 -3471.27 91.9171
250717-1304_18_15 4 400 37.7121 23.5493 0.00607493 37.7614 0.0141148 0.0877854 -3469.13 91.9898
250717-1304_18_16 4 400 37.7334 23.5207 0.00188982 37.7837 0.0251328 0.123877 -3475.94 92.1186
250717-1304_18_17 4 400 37.7043 23.9293 0.00786796 37.7407 0.0161266 0.288694 -3481.33 92.3323
250717-1304_18_18 4 400 37.7332 24.0193 0.00188982 37.7666 0.021933 1.19369 -3488.52 92.4518
250717-1304_18_19 4 400 37.7097 23.7121 0.0048795 37.7535 0.0217182 0.0514248 -3473.11 92.101
250717-1304_18_2 4 400 37.7687 23.3093 0.00188982 37.8262 0.0259073 0.200751 -3534.78 93.59
250717-1304_1_8 4 400 37.6919 23.9271 0.00906327 37.7284 0.0139032 0.308771 -3510.1 93.1261
250717-1304_18_3 4 400 37.7461 23.7093 0.00607493 37.79 0.0254997 0.113887 -3498.3 92.6791
250717-1304_18_4 4 400 37.7309 23.77 3.83737e-15 37.7728 0.0166148 0.458317 -3503.57 92.8566
250717-1304_18_5 4 400 37.7672 23.5814 0.00475595 37.8155 0.0222888 0.141946 -3482.38 92.2064
250717-1304_18_6 4 400 37.7059 24.0214 0.00243975 37.7392 0.0117819 0.185787 -3485.84 92.4483
250717-1304_18_7 4 400 37.6916 23.7879 0.00698638 37.7328 0.0244156 0.11151 -3513.84 93.226
250717-1304_18_8 4 400 37.7343 23.3507 0.00672593 37.7904 0.0219035 0.231316 -3485.53 92.3699
250717-1304_18_9 4 400 37.6733 23.3657 0.00345033 37.7288 0.0303218 0.085517 -3489.75 92.6315
250717-1304_19_0 4 400 37.7791 23.6257 0.00449868 37.8258 0.0243849 0.128178 -3515.21 93.0462
250717-1304_19_10 4 400 37.7467 23.8436 0.00626783 37.786 0.024806 0.225769 -3509.8 92.9828
250717-1304_19_11 4 400 37.7266 23.7679 0.00267261 37.7685 0.0114072 1.83193 -3499.86 92.7689
250717-1304_19_12 4 400 37.6781 23.6311 0.0019518 37.7247 0.0261073 0.0220288 -3469.86 92.0921
250717-1304_19_1 4 400 37.7617 23.9536 0.00243975 37.7973 0.0326146 0.0893848 -3484.58 92.2777
250717-1304_19_13 4 400 37.723 23.9843 0.00449868 37.7575 0.0161048 0.236519 -3472.1 92.0419
250717-1304_19_14 4 400 37.7626 23.8757 0.00449868 37.8008 0.0245435 0.0882074 -3481.36 92.1902
250717-1304_19_15 4 400 37.7623 23.5871 0.00636209 37.8103 0.0179832 0.554356 -3492.31 92.4812
250717-1304_19_16 4 400 37.7713 23.5371 0.00566947 37.8211 0.0251514 0.108038 -3491.8 92.4455
250717-1304_19_17 4 400 37.7096 23.9054 0.00457738 37.7468 0.0272002 0.0532482 -3499.87 92.8111
250717-1304_19_18 4 400 37.7762 24.0264 0.00377964 37.8093 0.020981 0.661937 -3523.94 93.2843
250717-1304_19_19 4 400 37.7096 23.7511 0.00595619 37.7521 0.0190268 0.193612 -3463.34 91.8421
250717-1304_19_2 4 400 37.7301 23.316 0.004 37.7873 0.0180022 0.151944 -3503.61 92.8598
250717-1304_1_9 4 400 37.7551 23.5713 0.00763139 37.8037 0.0134078 0.828217 -3518.18 93.184
250717-1304_19_3 4 400 37.7907 23.77 0.00288675 37.8326 0.0218326 0.211392 -3513.27 92.9663
250717-1304_19_4 4 400 37.6908 23.7707 0.00188982 37.7326 0.0251036 0.187719 -3498.99 92.8338
250717-1304_19_5 4 400 37.7186 23.6299 0.00260951 37.7652 0.0282631 0.0483912 -3478.81 92.2306
250717-1304_19_6 4 400 37.7288 24.0421 0.0099403 37.7614 0.0172043 0.289478 -3497.91 92.7118
250717-1304_19_7 4 400 37.7572 23.8891 0.00549025 37.795 0.0174963 0.104608 -3505.16 92.8339
250717-1304_19_8 4 400 37.6906 23.3671 0.00393398 37.7461 0.0126444 0.178598 -3504.15 92.9713
250717-1304_19_9 4 400 37.6819 23.3969 0.0086877 37.7364 0.0277559 0.122935 -3495.31 92.7585
250717-1304_20_0 4 400 37.7134 23.7291 0.00226779 37.7566 0.0246309 0.184299 -3508.26 93.024
250717-1304_20_10 4 400 37.7033 23.8457 0.00534522 37.7426 0.0263561 0.249579 -3505.56 92.9771
250717-1304_20_11 4 400 37.7711 23.7764 0.00377964 37.8127 0.0193728 0.0966009 -3504.3 92.7769
250717-1304_20_12 4 400 37.734 23.6693 0.00672593 37.7793 0.00988129 1.31917 -3493.57 92.584
250717-1304_20_1 4 400 37.7732 23.9543 0.00345033 37.8087 0.0193698 0.160154 -3520.56 93.2025
250717-1304_20_13 4 400 37.7263 23.9961 0.00566947 37.7604 0.0169344 0.171079 -3485.54 92.3901
250717-1304_20_14 4 400 37.7249 23.8071 0.00393398 37.7655 0.0325582 0.023741 -3464.64 91.8389
250717-1304_20_15 4 400 37.7783 23.6014 0.00748013 37.8258 0.0193079 0.143595 -3490.18 92.3858
250717-1304_20_16 4 400 37.6976 23.5193 0.00188982 37.7479 0.00952357 0.630267 -3468.3 92.0032
250717-1304_20_17 4 400 37.7201 23.9121 0.00267261 37.7571 0.0203936 0.209233 -3492.48 92.5891
250717-1304_20_18 4 400 37.7201 23.9457 0.00449868 37.7559 0.0293493 0.0566746 -3480.32 92.2661
250717-1304_20_19 4 400 37.7235 23.7636 0.00556349 37.7655 0.0228415 0.298409 -3472.98 92.064
250717-1304_20_2 4 400 37.6898 23.3443 0.00449868 37.7461 0.0304674 0.059468 -3494.07 92.7055
250717-1304_2_0 4 400 37.6774 23.3329 0.0048795 37.734 0.0223753 0.134466 -3515 93.2917
250717-1304_20_3 4 400 37.7028 23.7914 0.00899735 37.7439 0.015499 0.141432 -3508.39 93.0538
250717-1304_20_4 4 400 37.6928 23.9279 0.0048795 37.7293 0.0199348 0.495093 -3496.8 92.7708
250717-1304_20_5 4 400 37.7128 23.6419 0.00609449 37.759 0.0117342 0.265112 -3491.44 92.5795
250717-1304_20_6 4 400 37.7505 23.9791 0.00226779 37.7852 0.0260134 0.0816444 -3500.18 92.7184
250717-1304_20_7 4 400 37.7749 23.9033 0.00549892 37.8122 0.0164543 0.227161 -3505.72 92.8053
250717-1304_20_8 4 400 37.7043 23.4056 0.0061062 37.7585 0.022594 0.114029 -3485.85 92.452
250717-1304_20_9 4 400 37.7453 23.4091 0.00226779 37.7994 0.0278586 0.100678 -3512.58 93.06
250717-1304_2_10 4 400 37.7471 23.5157 0.00607493 37.7976 0.0181364 0.556917 -3500.67 92.7398
250717-1304_21_0 4 400 37.7611 23.7343 0.00449868 37.8041 0.0285505 0.0817836 -3516.58 93.1266
250717-1304_21_10 4 400 37.7549 23.8636 0.00626783 37.7936 0.0178146 0.252969 -3521.07 93.2609
250717-1304_21_11 4 400 37.7563 23.6979 0.00393398 37.8005 0.0229582 0.170056 -3493.59 92.53
250717-1304_21_12 4 400 37.7091 23.6829 0.0048795 37.7538 0.0177065 0.157158 -3489.68 92.5422
250717-1304_2_11 4 400 37.718 23.9083 0.0029277 37.7552 0.0233197 0.351243 -3499.9 92.7907
250717-1304_21_1 4 400 37.7902 23.9906 0.00151186 37.8245 0.0192014 0.305933 -3501.16 92.647
250717-1304_21_13 4 400 37.7269 23.4507 0.00188982 37.7796 0.0269594 0.0855233 -3479.92 92.2392
250717-1304_21_14 4 400 37.7278 23.8197 0.00534522 37.7679 0.0286248 0.0860824 -3468.76 91.9414
250717-1304_21_15 4 400 37.7768 23.5786 0.00475595 37.8251 0.0212479 0.333196 -3476.99 92.0405
250717-1304_21_16 4 400 37.6829 23.5243 0.00345033 37.7331 0.0281156 0.198321 -3472.34 92.1458
250717-1304_21_17 4 400 37.6945 23.9876 0.0083238 37.7289 0.0166944 0.421134 -3476.9 92.2389
250717-1304_21_18 4 400 37.7776 23.955 0.005 37.8131 0.0271943 0.0686805 -3482.1 92.1736
250717-1304_21_19 4 400 37.657 23.7643 0.00345033 37.699 0.0209474 0.859132 -3425.6 90.9684
250717-1304_2_12 4 400 37.7757 23.7693 0.00188982 37.8176 0.0212232 0.167937 -3502.31 92.7131
250717-1304_21_2 4 400 37.7605 23.365 0.00645497 37.816 0.0250665 0.0639722 -3511.4 92.9912
250717-1304_2_1 4 400 37.752 23.7721 0.00393398 37.7937 0.0262235 0.052298 -3533.85 93.6069
250717-1304_2_13 4 400 37.7821 23.7379 0.00698638 37.825 0.0173661 0.296752 -3492.67 92.4423
250717-1304_21_3 4 400 37.7881 23.7679 0.00393398 37.83 0.0182799 0.15272 -3531.03 93.4427
250717-1304_2_14 4 400 37.7624 23.48 3.83737e-15 37.8141 0.0174789 0.838251 -3503.36 92.7735
250717-1304_21_4 4 400 37.7208 23.9436 0.00556349 37.7567 0.0185522 0.876777 -3497.36 92.7168
250717-1304_2_15 4 400 37.7102 23.8811 0.0019518 37.7483 0.0224821 0.107297 -3474.71 92.1419
250717-1304_21_5 4 400 37.7369 23.6821 0.00566947 37.7817 0.0227232 0.273909 -3487.71 92.4215
250717-1304_2_16 4 400 37.7157 23.6757 0.00786796 37.7607 0.0273879 0.0933047 -3476.35 92.1721
250717-1304_21_6 4 400 37.7146 23.9836 0.00475595 37.7492 0.0211552 0.255512 -3500.48 92.8145
250717-1304_2_17 4 400 37.719 23.6447 0.00708788 37.7651 0.0112384 0.682182 -3501.74 92.8374
250717-1304_21_7 4 400 37.7832 23.8379 0.00393398 37.8227 0.0303407 0.199302 -3509.31 92.8794
250717-1304_2_18 4 400 37.7106 23.7 3.83737e-15 37.7548 0.0225816 0.157352 -3480.67 92.2999
250717-1304_21_8 4 400 37.7638 23.4214 0.00852168 37.8175 0.0171405 0.183432 -3499.34 92.6639
250717-1304_2_19 4 400 37.7468 24.0121 0.0048795 37.7804 0.033379 0.0588971 -3473.3 92.0148
250717-1304_21_9 4 400 37.715 23.3891 0.00226779 37.7697 0.0133619 1.57716 -3519.7 93.3236
250717-1304_22_0 4 400 37.676 23.675 0.00707107 37.7211 0.0266686 0.155702 -3496.19 92.7957
250717-1304_22_10 4 400 37.705 23.9114 0.00377964 37.742 0.0192038 0.358295 -3500.37 92.8357
250717-1304_22_11 4 400 37.7284 23.7129 0.0095119 37.7721 0.0380559 0.0734945 -3484.94 92.3684
250717-1304_22_12 4 400 37.7482 23.6814 0.00475595 37.793 0.010691 2.54909 -3493.46 92.5464
250717-1304_22_1 4 400 37.7086 24.0006 0.00373529 37.7426 0.0253834 0.16144 -3509.93 93.0801
250717-1304_22_13 4 400 37.6959 23.4571 0.00393398 37.7484 0.0241721 0.146423 -3471.25 92.0853
250717-1304_22_14 4 400 37.7405 23.882 0.00382971 37.7786 0.0188359 0.156033 -3475.75 92.0958
250717-1304_22_15 4 400 37.7448 23.5893 0.00188982 37.7928 0.0181175 0.0987967 -3471.34 91.9684
250717-1304_22_16 4 400 37.6592 23.5821 0.00566947 37.7075 0.0237217 0.133342 -3474.34 92.2571
250717-1304_22_17 4 400 37.7443 24.0093 0.00672593 37.778 0.0183493 0.350229 -3491.72 92.5097
250717-1304_22_18 4 400 37.7282 24.0571 0.00393398 37.7603 0.020792 0.108973 -3493 92.5831
250717-1304_22_19 4 400 37.7751 23.77 3.83737e-15 37.8169 0.0179085 0.173976 -3486.83 92.3049
250717-1304_22_2 4 400 37.6821 23.3436 0.00377964 37.7384 0.0183015 0.84395 -3488.93 92.5881
250717-1304_2_2 4 400 37.7087 24.136 0.004 37.7381 0.0171156 0.583527 -3522.99 93.4263
250717-1304_22_3 4 400 37.7561 23.7786 0.00556349 37.7976 0.0199395 0.202916 -3536.36 93.6632
250717-1304_22_4 4 400 37.7193 23.8536 0.00556349 37.7583 0.0313559 0.0581165 -3483.55 92.3542
250717-1304_22_5 4 400 37.7324 23.6964 0.00475595 37.7768 0.0146048 0.813132 -3484.14 92.338
250717-1304_22_6 4 400 37.7004 23.5021 0.00267261 37.7513 0.0264356 0.212421 -3491.66 92.6162
250717-1304_22_7 4 400 37.7809 23.8507 0.00672593 37.82 0.0252699 0.100685 -3508.78 92.8718
250717-1304_22_8 4 400 37.7886 23.402 0.00629815 37.8429 0.0191683 0.250594 -3523.73 93.2485
250717-1304_22_9 4 400 37.6995 23.4044 0.00502849 37.7537 0.0277642 0.120609 -3500.96 92.8644
250717-1304_2_3 4 400 37.7529 23.4264 0.00626783 37.8064 0.0344738 0.0538111 -3496.06 92.6035
250717-1304_2_4 4 400 37.7223 23.8126 0.00377964 37.7627 0.0145991 0.3015 -3549.52 94.0957
250717-1304_2_5 4 400 37.7045 23.9777 0.0040708 37.7393 0.0282442 0.0384996 -3471.11 92.0605
250717-1304_2_6 4 400 37.7437 23.7361 0.00649175 37.7867 0.0205993 0.139293 -3468.89 91.9061
250717-1304_2_7 4 400 37.7047 23.5471 0.0048795 37.7541 0.0283914 0.217408 -3487.14 92.4852
250717-1304_2_8 4 400 37.7419 23.9077 0.0040708 37.7791 0.0160049 0.232048 -3509.88 92.9967
250717-1304_2_9 4 400 37.7655 23.5886 0.00243975 37.8135 0.0225769 0.0679734 -3523.09 93.2884
250717-1304_3_0 4 400 37.7235 23.345 0.005 37.7797 0.0206675 0.117985 -3520.34 93.3193
250717-1304_3_10 4 400 37.7697 23.525 0.00645497 37.8199 0.0196326 0.363744 -3519.34 93.1788
250717-1304_3_11 4 400 37.7431 23.3971 0.00393398 37.7976 0.0206894 0.217352 -3509.67 92.988
250717-1304_3_12 4 400 37.708 23.7836 0.00556349 37.7494 0.0411519 0.0379601 -3483.21 92.3725
250717-1304_3_1 4 400 37.7497 23.7497 0.00449868 37.7922 0.0185823 0.170452 -3537.27 93.703
250717-1304_3_13 4 400 37.725 23.71 0.0057735 37.7689 0.0132784 0.377918 -3499.83 92.772
250717-1304_3_14 4 400 37.6675 23.4886 0.00243975 37.7189 0.0217183 0.143778 -3481.74 92.4334
250717-1304_3_15 4 400 37.7532 23.9584 0.0100309 37.7886 0.0190647 0.328735 -3476.83 92.0937
250717-1304_3_16 4 400 37.6954 23.6971 0.0048795 37.7397 0.0266042 0.108945 -3480.78 92.3392
250717-1304_3_17 4 400 37.6956 23.6457 0.00449868 37.7417 0.0154542 0.52478 -3474.4 92.17
250717-1304_3_18 4 400 37.7267 23.7 3.83737e-15 37.7709 0.0257316 0.0848558 -3480.34 92.2513
250717-1304_3_19 4 400 37.715 24.0607 0.00449868 37.7469 0.0125925 0.317478 -3490.99 92.5623
250717-1304_3_2 4 400 37.8096 24.1406 0.00373529 37.8388 0.0178104 0.577596 -3537.09 93.5498
250717-1304_3_3 4 400 37.7325 23.4643 0.00534522 37.7847 0.0157595 0.459461 -3518.1 93.2379
250717-1304_3_4 4 400 37.7542 23.8271 0.0048795 37.794 0.0166018 0.57421 -3552.01 94.0827
250717-1304_3_5 4 400 37.6837 23.9121 0.00267261 37.7207 0.0338077 0.100137 -3464.33 91.931
250717-1304_3_6 4 400 37.7407 23.755 0.005 37.783 0.0198483 0.186348 -3469.68 91.9345
250717-1304_3_7 4 400 37.7174 23.5229 0.00393398 37.7676 0.0216723 0.34193 -3498.8 92.763
250717-1304_3_8 4 400 37.7759 23.9129 0.00267261 37.8128 0.0182145 0.093927 -3510.31 92.9245
250717-1304_3_9 4 400 37.7157 23.5093 0.00786796 37.7664 0.0347664 0.0750883 -3503.11 92.8818
250717-1304_4_0 4 400 37.7469 23.3321 0.0048795 37.8036 0.0108913 1.83356 -3516.41 93.1573
250717-1304_4_10 4 400 37.6771 23.5279 0.00393398 37.7271 0.0167356 0.107194 -3476.02 92.2583
250717-1304_4_11 4 400 37.6814 23.4031 0.00362531 37.7357 0.0206341 0.168095 -3488.12 92.5684
250717-1304_4_12 4 400 37.7406 23.84 0.005 37.78 0.0201602 0.114041 -3500.59 92.7539
250717-1304_4_1 4 400 37.7851 23.7643 0.00449868 37.8271 0.021848 0.225822 -3555.45 94.0965
250717-1304_4_13 4 400 37.7271 23.7204 0.00304725 37.7706 0.0174616 0.085829 -3484.21 92.353
250717-1304_4_14 4 400 37.7283 23.5471 0.00566947 37.7777 0.0135397 0.178387 -3507.48 92.9667
250717-1304_4_15 4 400 37.7333 23.9771 0.0048795 37.7681 0.0223332 0.286072 -3482.87 92.3024
250717-1304_4_16 4 400 37.7159 23.8014 0.00690066 37.7566 0.0261635 0.182029 -3457.53 91.6725
250717-1304_4_17 4 400 37.7275 23.656 0.004 37.7732 0.021037 0.225691 -3482.92 92.3172
250717-1304_4_18 4 400 37.6952 23.7283 0.0029277 37.7384 0.0225656 0.130965 -3477.13 92.243
250717-1304_4_19 4 400 37.7829 24.0757 0.00607493 37.8143 0.0130581 0.679345 -3495.48 92.515
250717-1304_4_2 4 400 37.7664 24.0414 0.00475595 37.799 0.0285635 0.160962 -3525.14 93.3405
250717-1304_4_3 4 400 37.7475 23.4806 0.00373529 37.7992 0.0172134 0.274037 -3520.16 93.2553
250717-1304_4_4 4 400 37.7831 23.5979 0.00267261 37.8308 0.0244385 0.13938 -3497.55 92.5688
250717-1304_4_5 4 400 37.6807 23.9271 0.00698638 37.7172 0.0304084 0.108719 -3474.61 92.2117
250717-1304_4_6 4 400 37.7736 23.7226 0.00377964 37.817 0.0150753 0.298954 -3511.38 92.9585
250717-1304_4_7 4 400 37.7158 23.5343 0.00534522 37.7657 0.0235755 0.133691 -3498.88 92.7692
250717-1304_4_8 4 400 37.7735 23.9827 0.00531395 37.8081 0.0149656 0.20398 -3504.23 92.7694
250717-1304_4_9 4 400 37.6866 23.5257 0.00672593 37.7367 0.0352931 0.054793 -3495.21 92.7436
250717-1304_5_0 4 400 37.6894 23.34 0 37.7458 0.0331287 0.0627186 -3512.69 93.201
250717-1304_5_10 4 400 37.7191 23.5429 0.00636209 37.7686 0.0273715 0.155329 -3490.11 92.529
250717-1304_5_11 4 400 37.7004 23.4293 0.00731925 37.7538 0.0261111 0.113438 -3500.35 92.8461
250717-1304_5_12 4 400 37.7942 23.8621 0.00809174 37.8329 0.0197352 0.331768 -3501.07 92.6349
250717-1304_5_1 4 400 37.707 23.8357 0.00607493 37.7466 0.0189432 0.490172 -3524.14 93.461
250717-1304_5_13 4 400 37.7487 23.8771 0.00393398 37.7869 0.00925363 1.36786 -3526.08 93.4095
250717-1304_5_14 4 400 37.719 23.5606 0.00151186 37.768 0.0206058 0.0889373 -3494.25 92.6386
250717-1304_5_15 4 400 37.7037 23.9114 0.00243975 37.7407 0.0199632 0.3013 -3486.12 92.4608
250717-1304_5_16 4 400 37.7219 23.8134 0.00472077 37.7622 0.0267409 0.119172 -3470.15 91.9929
250717-1304_5_17 4 400 37.733 23.6914 0.00556349 37.7775 0.0254135 0.100624 -3464.91 91.8269
250717-1304_5_18 4 400 37.7157 23.7336 0.00475595 37.7588 0.030277 0.0555747 -3465.08 91.8734
250717-1304_5_19 4 400 37.7259 24.0649 0.00501427 37.7577 0.0230542 0.183787 -3482.89 92.3206
250717-1304_5_2 4 400 37.7557 24.05 0.00408248 37.788 0.0290087 0.0533735 -3511.08 92.9941
250717-1304_5_3 4 400 37.7175 23.4807 0.00188982 37.7691 0.0249303 0.408984 -3505.39 92.9377
250717-1304_5_4 4 400 37.7459 23.6021 0.00267261 37.7934 0.0249116 0.109878 -3469.5 91.9174
250717-1304_5_5 4 400 37.7351 23.9836 0.00475595 37.7697 0.0176007 0.351955 -3497.27 92.6793
250717-1304_5_6 4 400 37.7352 23.73 3.83737e-15 37.7783 0.011911 0.256091 -3502.94 92.8295
250717-1304_5_7 4 400 37.6723 23.5886 0.00475595 37.7203 0.0233905 0.150916 -3492.41 92.7047
250717-1304_5_8 4 400 37.7648 24.0071 0.00809174 37.7986 0.0199393 0.280789 -3525.83 93.3627
250717-1304_5_9 4 400 37.7073 23.6334 0.00472077 37.7538 0.0241116 0.0521685 -3498.7 92.7863
250717-1304_6_0 4 400 37.7411 23.3971 0.00698638 37.7956 0.0149571 0.128661 -3513.75 93.1014
250717-1304_6_10 4 400 37.762 23.5843 0.00731925 37.8101 0.0232842 0.438479 -3497.35 92.6155
250717-1304_6_11 4 400 37.7368 23.45 3.83737e-15 37.7895 0.034898 0.0610926 -3485.79 92.3701
250717-1304_6_12 4 400 37.7938 23.8393 0.00188982 37.8332 0.019457 0.210069 -3498.64 92.5717
250717-1304_6_1 4 400 37.7009 23.8529 0.00859125 37.7399 0.0227984 0.0483564 -3505.43 92.9795
250717-1304_6_13 4 400 37.7371 23.8823 0.00213809 37.7752 0.0203707 0.907381 -3500.82 92.7683
250717-1304_6_14 4 400 37.7324 23.5921 0.00393398 37.7803 0.0135518 1.04093 -3476.86 92.1451
250717-1304_6_15 4 400 37.7313 23.92 0.00408248 37.768 0.0196239 0.299812 -3498.9 92.732
250717-1304_6_16 4 400 37.7564 23.7519 0.0067436 37.7988 0.0326293 0.0773122 -3467.9 91.8488
250717-1304_6_17 4 400 37.7925 23.7043 0.00449868 37.8366 0.0241702 0.139358 -3473.66 91.9137
250717-1304_6_18 4 400 37.7056 23.7179 0.00393398 37.7492 0.0202979 0.764859 -3470.13 92.0318
250717-1304_6_19 4 400 37.728 24.075 0.005 37.7594 0.0220467 0.110578 -3467.6 91.9109
250717-1304_6_2 4 400 37.7823 24.1511 0.0019518 37.8112 0.0287789 0.0767943 -3498.13 92.5857
250717-1304_6_3 4 400 37.711 23.4927 0.00561885 37.7623 0.0182102 0.066199 -3511.05 93.1037
250717-1304_6_4 4 400 37.7269 23.63 0 37.7735 0.0309331 0.126542 -3470.74 91.996
250717-1304_6_5 4 400 37.7387 24.0013 0.00763139 37.7727 0.0247636 0.183587 -3485.14 92.3489
250717-1304_6_6 4 400 37.691 23.887 0.00574456 37.7289 0.0135881 0.651655 -3490.45 92.607
250717-1304_6_7 4 400 37.6976 23.5979 0.00393398 37.7452 0.0238403 0.110564 -3486.24 92.479
250717-1304_6_8 4 400 37.719 23.9493 0.00188982 37.7547 0.0169356 0.153715 -3506.9 92.9743
250717-1304_6_9 4 400 37.7562 23.6519 0.00470562 37.8021 0.032544 0.134074 -3515.64 93.1134
250717-1304_7_0 4 400 37.6971 23.4086 0.00377964 37.7512 0.0330684 0.0749555 -3501.91 92.8954
250717-1304_7_10 4 400 37.7064 23.5979 0.00755929 37.754 0.0200304 0.231571 -3504.59 92.944
250717-1304_7_11 4 400 37.732 23.4264 0.00475595 37.7855 0.0185081 0.772166 -3478.79 92.197
250717-1304_7_12 4 400 37.7247 23.8479 0.00566947 37.7639 0.0195776 0.186373 -3490.15 92.516
250717-1304_7_1 4 400 37.7779 23.7979 0.0048795 37.8188 0.0215002 0.147401 -3511.71 92.9565
250717-1304_7_13 4 400 37.6931 23.8057 0.00534522 37.7337 0.0314005 0.133 -3471.66 92.1027
250717-1304_7_14 4 400 37.6853 23.6086 0.00748013 37.7326 0.0204415 0.531234 -3491.83 92.6573
250717-1304_7_15 4 400 37.726 23.3607 0.00188982 37.7817 0.0308264 0.317183 -3468.16 91.9294
250717-1304_7_16 4 400 37.7305 23.7693 0.00188982 37.7724 0.0319189 0.0524049 -3469.03 91.9421
250717-1304_7_17 4 400 37.7468 23.6771 0.00393398 37.7918 0.0182547 0.226515 -3476.06 92.0888
250717-1304_7_18 4 400 37.7218 23.7266 0.00320713 37.7651 0.0282315 0.217483 -3476.85 92.1704
250717-1304_7_19 4 400 37.7207 24.1306 0.00151186 37.7503 0.0126191 0.427198 -3471.13 92.0219
250717-1304_7_2 4 400 37.7289 24.1526 0.00377964 37.7577 0.0281167 0.15002 -3508.99 93.0051
250717-1304_7_3 4 400 37.6964 23.5307 0.00607493 37.7464 0.0195504 0.236569 -3495.43 92.7256
250717-1304_7_4 4 400 37.7058 23.6361 0.00566947 37.7522 0.0292477 0.104183 -3472.52 92.0946
250717-1304_7_5 4 400 37.7642 23.994 0.00447214 37.7984 0.0147434 0.147452 -3502.29 92.7404
250717-1304_7_6 4 400 37.7346 23.8986 0.00377964 37.772 0.0282761 0.0720967 -3481.22 92.2554
250717-1304_7_7 4 400 37.7418 23.6346 0.00411733 37.7882 0.0115097 0.743328 -3519.69 93.257
250717-1304_7_8 4 400 37.7861 23.9529 0.00393398 37.8217 0.0177482 0.343652 -3533.78 93.5207
250717-1304_7_9 4 400 37.7791 23.5886 0.00475595 37.8271 0.0199079 0.24405 -3509.46 92.8944
250717-1304_8_0 4 400 37.7768 23.4507 0.00188982 37.8295 0.0107539 1.10463 -3527.16 93.3682
250717-1304_8_10 4 400 37.7133 23.5734 0.00582687 37.7618 0.0242982 0.178397 -3498.68 92.7702
250717-1304_8_11 4 400 37.7008 23.4443 0.00607493 37.7537 0.0321449 0.0408698 -3494.76 92.6965
250717-1304_8_12 4 400 37.684 23.9236 0.00899735 37.7206 0.0133474 0.205527 -3474.25 92.1944
250717-1304_8_1 4 400 37.7357 23.8093 0.00188982 37.7762 0.021884 0.133241 -3514.97 93.1469
250717-1304_8_13 4 400 37.7089 23.8164 0.00852168 37.7491 0.0299579 0.111803 -3470.89 92.0442
250717-1304_8_14 4 400 37.7433 23.6064 0.00243975 37.7907 0.0158232 0.923678 -3469.53 91.9243
250717-1304_8_15 4 400 37.7521 23.3707 0.00672593 37.8075 0.0272266 0.157662 -3475.3 92.0554
250717-1304_8_16 4 400 37.7227 23.8286 0.00748013 37.7625 0.0178294 0.200832 -3470.06 91.9882
250717-1304_8_17 4 400 37.7208 23.6879 0.0048795 37.7654 0.0246897 0.221865 -3466.44 91.8972
250717-1304_8_18 4 400 37.7077 23.7707 0.00188982 37.7495 0.0294602 0.0934975 -3461.45 91.7966
250717-1304_8_19 4 400 37.7218 24.147 0.00544671 37.7508 0.02396 0.212319 -3480.15 92.2584
250717-1304_8_2 4 400 37.7244 24.0713 0.0040708 37.756 0.0241733 0.0364285 -3509.62 93.0328
250717-1304_8_3 4 400 37.7529 23.5514 0.00556349 37.8022 0.0200609 0.342174 -3508.59 92.9356
250717-1304_8_4 4 400 37.7071 23.6229 0.00566947 37.7539 0.0204156 0.27552 -3510.26 93.0927
250717-1304_8_5 4 400 37.7399 24.0057 0.00345033 37.7737 0.0180959 0.236777 -3482.89 92.2864
250717-1304_8_6 4 400 37.7518 23.8106 0.00151186 37.7922 0.0250761 0.10009 -3486.87 92.3628
250717-1304_8_7 4 400 37.7386 23.652 0.00629815 37.7844 0.0194332 0.464477 -3516.13 93.1701
250717-1304_8_8 4 400 37.7202 23.1629 0.00393398 37.7826 0.0234496 0.223964 -3521.15 93.3491
250717-1304_8_9 4 400 37.7468 23.6086 0.00852168 37.7941 0.0294935 0.126858 -3506.09 92.884
250717-1304_9_0 4 400 37.6892 23.465 0.005 37.7414 0.0214301 0.264479 -3517.86 93.3382
250717-1304_9_10 4 400 37.6909 23.5879 0.00393398 37.7389 0.0226195 0.0424038 -3497.21 92.7866
250717-1304_9_11 4 400 37.7631 23.491 0.00665833 37.8144 0.0295045 0.135824 -3502.97 92.7616
250717-1304_9_12 4 400 37.7166 23.9479 0.0048795 37.7524 0.0223371 0.114059 -3475.6 92.15
250717-1304_9_1 4 400 37.7505 23.8436 0.00243975 37.7898 0.0246566 0.106467 -3510.42 92.9902
250717-1304_9_13 4 400 37.7397 23.9171 0.0048795 37.7765 0.0293344 0.0980974 -3495.48 92.6202
250717-1304_9_14 4 400 37.7766 23.6207 0.00188982 37.8235 0.0216302 0.0540148 -3488.33 92.3409
250717-1304_9_15 4 400 37.7077 23.4013 0.00682433 37.7621 0.0256608 0.110606 -3482.66 92.3592
250717-1304_9_16 4 400 37.7425 23.8486 0.00801784 37.7817 0.0174306 0.240337 -3480.41 92.2145
250717-1304_9_17 4 400 37.7451 23.8407 0.00188982 37.7845 0.0190947 0.476604 -3473.21 92.0172
250717-1304_9_18 4 400 37.7455 23.7814 0.00243975 37.787 0.0236289 0.0979916 -3466.29 91.8331
250717-1304_9_19 4 400 37.7466 24.0921 0.00267261 37.7775 0.0148232 0.217085 -3485.49 92.339
250717-1304_9_2 4 400 37.7785 24.0821 0.00393398 37.8097 0.0324618 0.153379 -3529.28 93.4195
250717-1304_9_3 4 400 37.7361 23.5214 0.00377964 37.7864 0.0220631 0.133456 -3497.03 92.6705
250717-1304_9_4 4 400 37.6854 23.6293 0.00188982 37.732 0.0236314 0.072461 -3496.64 92.7849
250717-1304_9_5 4 400 37.7588 24.0586 0.00377964 37.7908 0.0253139 0.0711136 -3475.79 92.0525
250717-1304_9_6 4 400 37.7356 23.8279 0.00755929 37.7755 0.0347516 0.0781173 -3479.57 92.2083
250717-1304_9_7 4 400 37.6836 23.6497 0.00368394 37.7295 0.0278201 0.187157 -3479.96 92.3466
250717-1304_9_8 4 400 37.6788 23.1736 0.00475595 37.7409 0.0261891 0.175861 -3511.57 93.1974
250717-1304_9_9 4 400 37.7272 23.6657 0.00607493 37.7726 0.0160126 0.522246 -3509.16 93.0139
