260409-1702 260409-1702_0_0 1779738920 101 1.000 0.000 5.000 0.000 7.000 0.000 5.000 0.100 0.000 0.000 0.000 0.000 0.000 0.000 0.000 0.000 
260409-1702 260409-1702_0_0 19.221 0.022 38.5357 38.7322 12.3 25.0 19.21 109.40 
260409-1702 260409-1702_0_1 19.457 0.055 38.5980 38.7865 11.8 25.9 19.46 108.38 
260409-1702 260409-1702_0_2 19.477 0.071 38.5876 38.7754 11.7 29.5 19.47 106.03 
260409-1702 260409-1702_0_3 19.449 0.031 38.5756 38.7643 12.0 24.8 19.45 105.77 
260409-1702 260409-1702_0_4 19.443 0.041 38.5889 38.7778 11.7 25.7 19.44 109.83 
260409-1702 260409-1702_0_5 19.429 0.028 38.5489 38.7383 11.6 26.0 19.43 109.59 
260409-1702 260409-1702_0_6 19.421 0.024 38.5895 38.7792 11.7 26.1 19.43 107.41 
260409-1702 260409-1702_0_7 19.427 0.030 38.6081 38.7975 11.7 24.0 19.43 106.76 
260409-1702 260409-1702_0_8 19.428 0.026 38.6059 38.7954 11.8 26.1 19.43 107.91 
260409-1702 260409-1702_0_9 19.430 0.035 38.5951 38.7845 11.8 26.8 19.43 106.46 
260409-1702 260409-1702_0_10 19.428 0.041 38.5256 38.7150 11.8 24.4 19.43 110.07 
260409-1702 260409-1702_0_11 19.432 0.037 38.5857 38.7750 11.9 27.8 19.43 107.43 
260409-1702 260409-1702_0_12 19.441 0.043 38.5823 38.7713 11.9 28.4 19.44 108.65 
260409-1702 260409-1702_0_13 19.450 0.059 38.5674 38.7561 11.8 25.8 19.45 109.15 
260409-1702 260409-1702_0_14 19.450 0.063 38.5642 38.7529 11.8 26.2 19.45 108.77 
260409-1702 260409-1702_0_15 19.457 0.074 38.6109 38.7994 11.9 25.9 19.46 109.00 
260409-1702 260409-1702_0_16 19.467 0.080 38.5376 38.7257 11.9 27.8 19.46 109.45 
260409-1702 260409-1702_0_17 19.473 0.075 38.6093 38.7972 11.9 26.0 19.48 111.01 
260409-1702 260409-1702_0_18 19.514 0.080 38.5840 38.7705 12.1 26.0 19.51 112.03 
260409-1702 260409-1702_0_19 19.541 0.088 38.5420 38.7276 12.0 27.4 19.54 105.97 
260409-1702 260409-1702_1_0 19.242 0.023 38.5151 38.7108 12.0 26.3 19.24 109.74 
260409-1702 260409-1702_1_1 19.459 0.045 38.6077 38.7961 11.8 26.2 19.46 106.99 
260409-1702 260409-1702_1_2 19.471 0.053 38.5980 38.7860 11.7 24.9 19.47 109.61 
260409-1702 260409-1702_1_3 19.455 0.033 38.5842 38.7728 11.6 25.7 19.46 105.55 
260409-1702 260409-1702_1_4 19.453 0.047 38.5615 38.7501 11.7 25.7 19.45 109.35 
260409-1702 260409-1702_1_5 19.435 0.030 38.5932 38.7824 11.7 27.4 19.43 109.34 
260409-1702 260409-1702_1_6 19.436 0.022 38.5751 38.7643 11.7 26.8 19.44 106.18 
260409-1702 260409-1702_1_7 19.439 0.022 38.6093 38.7984 11.8 25.0 19.44 107.03 
260409-1702 260409-1702_1_8 19.439 0.022 38.6089 38.7980 11.8 25.6 19.44 106.97 
260409-1702 260409-1702_1_9 19.439 0.022 38.6062 38.7952 11.8 24.4 19.44 107.94 
260409-1702 260409-1702_1_10 19.445 0.028 38.5284 38.7172 11.8 27.1 19.44 110.11 
260409-1702 260409-1702_1_11 19.451 0.022 38.5860 38.7747 11.8 25.6 19.45 108.59 
260409-1702 260409-1702_1_12 19.453 0.031 38.5904 38.7790 11.8 25.2 19.45 109.00 
260409-1702 260409-1702_1_13 19.457 0.039 38.5692 38.7576 11.9 26.6 19.46 108.78 
260409-1702 260409-1702_1_14 19.455 0.049 38.5666 38.7552 11.8 26.5 19.45 108.88 
260409-1702 260409-1702_1_15 19.463 0.049 38.6071 38.7953 11.9 26.2 19.46 109.28 
260409-1702 260409-1702_1_16 19.474 0.053 38.5369 38.7248 12.0 25.2 19.47 109.97 
260409-1702 260409-1702_1_17 19.478 0.053 38.5914 38.7792 12.0 26.6 19.48 110.14 
260409-1702 260409-1702_1_18 19.515 0.059 38.5681 38.7546 12.0 28.4 19.52 112.44 
260409-1702 260409-1702_1_19 19.541 0.069 38.5583 38.7439 12.1 26.5 19.54 112.66 
260409-1702 260409-1702_2_0 19.258 0.020 38.5469 38.7421 12.0 25.8 19.26 109.13 
260409-1702 260409-1702_2_1 19.463 0.045 38.5499 38.7382 11.8 27.9 19.46 109.01 
260409-1702 260409-1702_2_2 19.469 0.043 38.5424 38.7305 11.7 26.1 19.47 108.45 
260409-1702 260409-1702_2_3 19.459 0.041 38.5265 38.7149 11.7 25.4 19.45 107.20 
260409-1702 260409-1702_2_4 19.457 0.043 38.6013 38.7898 11.7 25.9 19.45 108.78 
260409-1702 260409-1702_2_5 19.434 0.019 38.5392 38.7285 11.6 27.0 19.43 109.92 
260409-1702 260409-1702_2_6 19.436 0.022 38.5425 38.7317 11.7 27.1 19.44 107.49 
260409-1702 260409-1702_2_7 19.431 0.014 38.5416 38.7310 11.8 25.2 19.43 109.86 
260409-1702 260409-1702_2_8 19.439 0.018 38.5681 38.7571 11.8 26.2 19.44 109.18 
260409-1702 260409-1702_2_9 19.439 0.022 38.6112 38.8002 11.8 26.2 19.44 107.11 
260409-1702 260409-1702_2_10 19.450 0.024 38.5899 38.7786 11.8 27.3 19.45 108.15 
260409-1702 260409-1702_2_11 19.459 0.021 38.6164 38.8047 11.8 25.6 19.46 109.23 
260409-1702 260409-1702_2_12 19.459 0.025 38.6047 38.7931 11.8 29.2 19.46 110.51 
260409-1702 260409-1702_2_13 19.461 0.031 38.5854 38.7737 11.9 25.8 19.46 108.47 
260409-1702 260409-1702_2_14 19.461 0.039 38.5581 38.7464 11.8 25.9 19.46 109.49 
260409-1702 260409-1702_2_15 19.461 0.047 38.5511 38.7395 11.9 28.6 19.46 109.77 
260409-1702 260409-1702_2_16 19.473 0.047 38.5445 38.7325 12.0 25.5 19.47 109.44 
260409-1702 260409-1702_2_17 19.480 0.047 38.5922 38.7799 12.0 24.2 19.48 109.98 
260409-1702 260409-1702_2_18 19.515 0.055 38.5398 38.7263 12.1 25.4 19.52 111.75 
260409-1702 260409-1702_2_19 19.538 0.061 38.5626 38.7483 12.1 27.4 19.54 112.59 
260409-1702 260409-1702_3_0 19.279 0.019 38.5339 38.7284 11.9 25.7 19.28 109.47 
260409-1702 260409-1702_3_1 19.463 0.037 38.5581 38.7464 11.7 24.7 19.46 109.75 
260409-1702 260409-1702_3_2 19.471 0.045 38.5767 38.7647 12.0 26.0 19.47 106.35 
260409-1702 260409-1702_3_3 19.463 0.041 38.6008 38.7891 11.7 25.3 19.46 106.04 
260409-1702 260409-1702_3_4 19.455 0.041 38.5370 38.7256 11.6 27.1 19.46 106.88 
260409-1702 260409-1702_3_5 19.436 0.022 38.5893 38.7785 11.7 25.2 19.43 110.29 
260409-1702 260409-1702_3_6 19.438 0.020 38.5708 38.7599 11.7 25.2 19.44 107.10 
260409-1702 260409-1702_3_7 19.435 0.014 38.6145 38.8037 11.7 26.9 19.44 106.82 
260409-1702 260409-1702_3_8 19.445 0.020 38.6099 38.7988 11.8 24.6 19.44 107.07 
260409-1702 260409-1702_3_9 19.439 0.022 38.6019 38.7909 11.7 24.7 19.44 107.53 
260409-1702 260409-1702_3_10 19.445 0.024 38.6072 38.7960 11.8 27.5 19.45 107.29 
260409-1702 260409-1702_3_11 19.453 0.024 38.5919 38.7805 11.9 28.1 19.45 109.82 
260409-1702 260409-1702_3_12 19.457 0.027 38.6018 38.7903 11.9 27.3 19.46 109.51 
260409-1702 260409-1702_3_13 19.455 0.033 38.6089 38.7974 11.9 26.5 19.45 107.29 
260409-1702 260409-1702_3_14 19.457 0.027 38.5562 38.7447 11.9 27.0 19.46 109.64 
260409-1702 260409-1702_3_15 19.463 0.041 38.5480 38.7362 11.9 26.6 19.46 108.78 
260409-1702 260409-1702_3_16 19.475 0.045 38.5400 38.7278 11.9 28.6 19.47 110.67 
260409-1702 260409-1702_3_17 19.480 0.043 38.5702 38.7579 11.9 25.3 19.48 109.41 
260409-1702 260409-1702_3_18 19.516 0.051 38.5496 38.7360 12.1 30.6 19.52 113.18 
260409-1702 260409-1702_3_19 19.532 0.054 38.5984 38.7843 12.1 24.7 19.53 114.04 
260409-1702 260409-1702_4_0 19.299 0.018 38.5317 38.7255 11.9 26.9 19.30 110.11 
260409-1702 260409-1702_4_1 19.463 0.041 38.5248 38.7131 11.7 26.6 19.46 109.99 
260409-1702 260409-1702_4_2 19.467 0.049 38.5476 38.7357 11.6 27.8 19.46 109.83 
260409-1702 260409-1702_4_3 19.459 0.045 38.5688 38.7572 11.6 25.7 19.46 105.44 
260409-1702 260409-1702_4_4 19.447 0.034 38.5607 38.7495 11.7 27.1 19.45 105.36 
260409-1702 260409-1702_4_5 19.436 0.018 38.6106 38.7997 11.7 24.9 19.43 108.48 
260409-1702 260409-1702_4_6 19.438 0.020 38.5754 38.7645 11.7 27.5 19.44 106.21 
260409-1702 260409-1702_4_7 19.438 0.020 38.6173 38.8064 11.7 25.3 19.44 106.18 
260409-1702 260409-1702_4_8 19.441 0.019 38.5816 38.7706 11.7 25.5 19.44 107.90 
260409-1702 260409-1702_4_9 19.434 0.024 38.5999 38.7891 11.8 24.8 19.43 106.68 
260409-1702 260409-1702_4_10 19.447 0.022 38.6108 38.7995 11.8 24.5 19.45 107.04 
260409-1702 260409-1702_4_11 19.451 0.022 38.5301 38.7188 11.8 29.4 19.45 113.35 
260409-1702 260409-1702_4_12 19.459 0.025 38.6161 38.8045 11.9 28.8 19.46 109.44 
260409-1702 260409-1702_4_13 19.457 0.031 38.6155 38.8040 11.9 26.6 19.45 107.67 
260409-1702 260409-1702_4_14 19.459 0.029 38.5662 38.7546 11.9 25.6 19.46 109.52 
260409-1702 260409-1702_4_15 19.461 0.035 38.5545 38.7428 11.9 24.1 19.46 109.79 
260409-1702 260409-1702_4_16 19.469 0.039 38.5682 38.7563 11.9 27.8 19.47 114.30 
260409-1702 260409-1702_4_17 19.480 0.043 38.5417 38.7294 11.9 27.1 19.48 108.83 
260409-1702 260409-1702_4_18 19.517 0.045 38.5945 38.7809 12.1 26.6 19.52 112.75 
260409-1702 260409-1702_4_19 19.537 0.057 38.5958 38.7815 12.1 25.3 19.53 113.44 
260409-1702 260409-1702_5_0 19.312 0.020 38.5193 38.7127 11.9 26.7 19.32 109.49 
260409-1702 260409-1702_5_1 19.459 0.037 38.5997 38.7881 11.7 24.8 19.46 108.15 
260409-1702 260409-1702_5_2 19.469 0.047 38.5767 38.7648 11.7 26.9 19.47 110.44 
260409-1702 260409-1702_5_3 19.459 0.041 38.5556 38.7440 11.6 28.3 19.46 105.91 
260409-1702 260409-1702_5_4 19.444 0.030 38.5750 38.7639 11.6 26.9 19.44 106.16 
260409-1702 260409-1702_5_5 19.433 0.027 38.6129 38.8022 11.7 24.8 19.43 106.84 
260409-1702 260409-1702_5_6 19.434 0.020 38.5272 38.7165 11.6 26.1 19.43 107.90 
260409-1702 260409-1702_5_7 19.431 0.014 38.5679 38.7573 11.8 28.2 19.43 108.59 
260409-1702 260409-1702_5_8 19.439 0.018 38.5631 38.7521 11.7 28.1 19.44 109.46 
260409-1702 260409-1702_5_9 19.429 0.024 38.6011 38.7905 11.8 27.1 19.43 107.96 
260409-1702 260409-1702_5_10 19.444 0.030 38.6191 38.8080 11.8 24.3 19.44 106.89 
260409-1702 260409-1702_5_11 19.450 0.020 38.5446 38.7333 11.8 28.8 19.45 113.80 
260409-1702 260409-1702_5_12 19.453 0.024 38.5879 38.7764 11.8 30.0 19.45 111.25 
260409-1702 260409-1702_5_13 19.447 0.033 38.6166 38.8054 11.9 26.0 19.45 108.17 
260409-1702 260409-1702_5_14 19.453 0.031 38.5594 38.7480 12.2 26.3 19.45 109.61 
260409-1702 260409-1702_5_15 19.455 0.037 38.5924 38.7809 11.9 28.8 19.45 110.19 
260409-1702 260409-1702_5_16 19.461 0.035 38.5448 38.7331 11.8 27.1 19.46 109.05 
260409-1702 260409-1702_5_17 19.482 0.041 38.5442 38.7318 11.9 27.3 19.48 110.85 
260409-1702 260409-1702_5_18 19.510 0.049 38.5730 38.7597 12.1 28.0 19.51 112.83 
260409-1702 260409-1702_5_19 19.526 0.057 38.5638 38.7499 12.1 26.3 19.53 111.58 
260409-1702 260409-1702_6_0 19.330 0.018 38.5592 38.7520 11.9 26.9 19.33 107.97 
260409-1702 260409-1702_6_1 19.467 0.041 38.5597 38.7478 11.7 27.5 19.46 110.48 
260409-1702 260409-1702_6_2 19.469 0.047 38.6112 38.7992 11.7 27.0 19.47 109.00 
260409-1702 260409-1702_6_3 19.455 0.037 38.5695 38.7580 11.7 26.8 19.45 109.75 
260409-1702 260409-1702_6_4 19.445 0.039 38.5963 38.7851 11.7 27.7 19.45 108.17 
260409-1702 260409-1702_6_5 19.435 0.038 38.6081 38.7973 11.7 25.9 19.44 107.89 
260409-1702 260409-1702_6_6 19.428 0.023 38.5199 38.7093 11.6 25.7 19.42 109.72 
260409-1702 260409-1702_6_7 19.431 0.018 38.5253 38.7146 11.7 26.4 19.43 109.60 
260409-1702 260409-1702_6_8 19.435 0.022 38.5874 38.7766 11.8 29.1 19.43 109.00 
260409-1702 260409-1702_6_9 19.428 0.026 38.5347 38.7242 11.8 30.3 19.43 109.88 
260409-1702 260409-1702_6_10 19.438 0.028 38.5683 38.7574 11.8 25.5 19.43 109.64 
260409-1702 260409-1702_6_11 19.447 0.026 38.5270 38.7158 11.8 25.9 19.45 109.61 
260409-1702 260409-1702_6_12 19.451 0.029 38.6180 38.8066 11.9 26.1 19.45 108.95 
260409-1702 260409-1702_6_13 19.447 0.034 38.6012 38.7900 11.9 26.5 19.45 109.13 
260409-1702 260409-1702_6_14 19.449 0.031 38.5425 38.7312 12.2 26.4 19.45 110.14 
260409-1702 260409-1702_6_15 19.455 0.033 38.5789 38.7675 11.9 26.3 19.46 109.04 
260409-1702 260409-1702_6_16 19.463 0.037 38.5736 38.7619 11.9 26.2 19.46 108.16 
260409-1702 260409-1702_6_17 19.477 0.040 38.5630 38.7508 11.9 25.2 19.47 111.06 
260409-1702 260409-1702_6_18 19.514 0.053 38.5654 38.7519 12.1 24.5 19.52 112.46 
260409-1702 260409-1702_6_19 19.528 0.055 38.5480 38.7340 12.1 25.7 19.53 111.87 
260409-1702 260409-1702_7_0 19.346 0.022 38.6098 38.8021 11.9 25.1 19.35 107.28 
260409-1702 260409-1702_7_1 19.459 0.037 38.5557 38.7440 11.7 23.8 19.46 108.47 
260409-1702 260409-1702_7_2 19.465 0.043 38.5778 38.7660 11.6 26.0 19.47 106.09 
260409-1702 260409-1702_7_3 19.451 0.033 38.5976 38.7863 11.6 27.8 19.45 109.55 
260409-1702 260409-1702_7_4 19.445 0.035 38.5913 38.7802 12.0 26.8 19.44 110.12 
260409-1702 260409-1702_7_5 19.432 0.037 38.5792 38.7685 11.7 25.0 19.43 109.41 
260409-1702 260409-1702_7_6 19.426 0.016 38.5639 38.7534 11.7 26.7 19.43 109.65 
260409-1702 260409-1702_7_7 19.429 0.020 38.5888 38.7782 11.7 29.6 19.43 106.42 
260409-1702 260409-1702_7_8 19.435 0.026 38.6136 38.8028 11.7 23.8 19.43 107.80 
260409-1702 260409-1702_7_9 19.429 0.024 38.6121 38.8015 11.8 25.7 19.43 107.00 
260409-1702 260409-1702_7_10 19.433 0.027 38.6152 38.8045 11.8 27.8 19.43 109.15 
260409-1702 260409-1702_7_11 19.442 0.027 38.5788 38.7678 11.8 25.8 19.44 110.29 
260409-1702 260409-1702_7_12 19.444 0.034 38.6296 38.8185 11.9 26.0 19.45 108.07 
260409-1702 260409-1702_7_13 19.445 0.035 38.5668 38.7557 11.8 26.4 19.45 110.37 
260409-1702 260409-1702_7_14 19.449 0.031 38.6090 38.7977 11.9 25.0 19.45 109.12 
260409-1702 260409-1702_7_15 19.457 0.035 38.5559 38.7443 11.9 25.9 19.46 109.85 
260409-1702 260409-1702_7_16 19.459 0.041 38.5864 38.7748 11.9 26.1 19.46 108.39 
260409-1702 260409-1702_7_17 19.479 0.041 38.5753 38.7631 12.0 26.4 19.48 111.47 
260409-1702 260409-1702_7_18 19.511 0.051 38.5770 38.7636 12.1 27.4 19.51 112.61 
260409-1702 260409-1702_7_19 19.526 0.057 38.5779 38.7640 12.1 26.5 19.53 113.13 
260409-1702 260409-1702_8_0 19.354 0.022 38.5841 38.7761 11.9 25.0 19.36 108.29 
260409-1702 260409-1702_8_1 19.461 0.039 38.5935 38.7819 11.7 26.2 19.46 106.77 
260409-1702 260409-1702_8_2 19.463 0.045 38.5301 38.7183 11.7 26.8 19.46 108.45 
260409-1702 260409-1702_8_3 19.451 0.029 38.5740 38.7627 11.6 25.5 19.45 109.31 
260409-1702 260409-1702_8_4 19.444 0.030 38.5451 38.7341 11.9 26.7 19.44 109.86 
260409-1702 260409-1702_8_5 19.431 0.034 38.5314 38.7207 11.6 25.9 19.43 109.48 
260409-1702 260409-1702_8_6 19.420 0.018 38.5958 38.7856 11.7 26.4 19.42 107.82 
260409-1702 260409-1702_8_7 19.424 0.022 38.5997 38.7893 11.8 25.3 19.42 107.64 
260409-1702 260409-1702_8_8 19.429 0.024 38.6017 38.7911 11.7 24.2 19.43 106.26 
260409-1702 260409-1702_8_9 19.423 0.026 38.5452 38.7348 11.7 26.5 19.43 108.94 
260409-1702 260409-1702_8_10 19.438 0.032 38.6074 38.7965 11.8 28.8 19.44 107.35 
260409-1702 260409-1702_8_11 19.447 0.026 38.6215 38.8103 11.9 25.8 19.45 109.51 
260409-1702 260409-1702_8_12 19.444 0.034 38.6062 38.7951 11.8 24.9 19.44 107.23 
260409-1702 260409-1702_8_13 19.445 0.035 38.5783 38.7672 11.8 25.7 19.45 109.18 
260409-1702 260409-1702_8_14 19.443 0.037 38.6205 38.8095 11.9 25.1 19.44 109.15 
260409-1702 260409-1702_8_15 19.451 0.037 38.5780 38.7666 11.9 24.0 19.45 109.72 
260409-1702 260409-1702_8_16 19.459 0.045 38.5891 38.7775 11.9 24.8 19.45 108.04 
260409-1702 260409-1702_8_17 19.479 0.045 38.5922 38.7799 12.0 24.8 19.48 111.91 
260409-1702 260409-1702_8_18 19.512 0.055 38.5563 38.7429 12.1 25.4 19.51 112.74 
260409-1702 260409-1702_8_19 19.529 0.061 38.6339 38.8199 12.1 27.3 19.53 115.21 
260409-1702 260409-1702_9_0 19.364 0.024 38.5721 38.7638 11.9 28.3 19.37 109.46 
260409-1702 260409-1702_9_1 19.465 0.039 38.6063 38.7945 11.7 27.4 19.46 108.31 
260409-1702 260409-1702_9_2 19.463 0.049 38.5194 38.7076 11.6 29.7 19.46 109.13 
260409-1702 260409-1702_9_3 19.439 0.034 38.6131 38.8021 11.6 26.5 19.44 108.84 
260409-1702 260409-1702_9_4 19.439 0.038 38.5180 38.7070 11.6 26.3 19.43 107.13 
260409-1702 260409-1702_9_5 19.429 0.031 38.5986 38.7880 11.7 25.1 19.43 106.66 
260409-1702 260409-1702_9_6 19.424 0.018 38.6155 38.8051 11.7 28.7 19.42 106.85 
260409-1702 260409-1702_9_7 19.424 0.022 38.5577 38.7473 11.7 25.4 19.43 107.75 
260409-1702 260409-1702_9_8 19.430 0.028 38.6040 38.7934 11.8 25.3 19.43 106.51 
260409-1702 260409-1702_9_9 19.423 0.026 38.5749 38.7645 11.8 29.3 19.43 109.49 
260409-1702 260409-1702_9_10 19.438 0.036 38.6006 38.7897 11.8 26.2 19.44 107.62 
260409-1702 260409-1702_9_11 19.438 0.028 38.5870 38.7761 11.9 27.9 19.44 108.88 
260409-1702 260409-1702_9_12 19.441 0.036 38.5990 38.7880 11.9 25.4 19.44 108.32 
260409-1702 260409-1702_9_13 19.441 0.039 38.5927 38.7817 11.9 27.1 19.44 109.23 
260409-1702 260409-1702_9_14 19.439 0.038 38.6184 38.8074 11.9 26.4 19.44 108.45 
260409-1702 260409-1702_9_15 19.449 0.043 38.6107 38.7994 11.9 27.4 19.45 109.44 
260409-1702 260409-1702_9_16 19.457 0.047 38.5777 38.7662 11.9 25.2 19.46 107.82 
260409-1702 260409-1702_9_17 19.479 0.045 38.6117 38.7994 12.0 26.3 19.48 111.79 
260409-1702 260409-1702_9_18 19.515 0.055 38.6464 38.8328 12.1 26.0 19.52 117.04 
260409-1702 260409-1702_9_19 19.526 0.065 38.6314 38.8175 12.1 26.4 19.53 114.88 
260409-1702 260409-1702_10_0 19.373 0.021 38.5472 38.7385 11.8 26.6 19.37 108.31 
260409-1702 260409-1702_10_1 19.467 0.045 38.5364 38.7245 11.7 26.6 19.46 108.68 
260409-1702 260409-1702_10_2 19.457 0.039 38.5713 38.7598 11.6 26.6 19.45 109.60 
260409-1702 260409-1702_10_3 19.436 0.034 38.5659 38.7551 11.6 28.0 19.43 105.69 
260409-1702 260409-1702_10_4 19.445 0.043 38.5585 38.7474 11.7 25.1 19.45 105.78 
260409-1702 260409-1702_10_5 19.425 0.027 38.6161 38.8057 11.7 26.9 19.43 106.01 
260409-1702 260409-1702_10_6 19.420 0.022 38.6102 38.8000 11.7 23.8 19.42 106.79 
260409-1702 260409-1702_10_7 19.422 0.020 38.5947 38.7843 11.7 25.0 19.42 106.68 
260409-1702 260409-1702_10_8 19.425 0.028 38.5357 38.7252 11.7 28.9 19.42 109.43 
260409-1702 260409-1702_10_9 19.426 0.035 38.6152 38.8047 11.8 26.1 19.43 109.09 
260409-1702 260409-1702_10_10 19.433 0.032 38.5383 38.7276 11.8 28.4 19.43 110.27 
260409-1702 260409-1702_10_11 19.441 0.032 38.5854 38.7744 11.9 24.6 19.45 108.01 
260409-1702 260409-1702_10_12 19.439 0.038 38.5864 38.7755 11.9 26.7 19.44 108.79 
260409-1702 260409-1702_10_13 19.439 0.041 38.5772 38.7663 11.8 27.4 19.44 109.73 
260409-1702 260409-1702_10_14 19.438 0.040 38.6097 38.7988 11.9 24.1 19.44 108.03 
260409-1702 260409-1702_10_15 19.445 0.043 38.5719 38.7607 11.9 26.3 19.44 108.92 
260409-1702 260409-1702_10_16 19.453 0.047 38.5472 38.7358 11.9 25.2 19.45 108.03 
260409-1702 260409-1702_10_17 19.480 0.047 38.6097 38.7974 12.0 25.5 19.48 110.44 
260409-1702 260409-1702_10_18 19.514 0.057 38.6000 38.7865 12.1 27.4 19.52 113.00 
260409-1702 260409-1702_10_19 19.526 0.065 38.5795 38.7656 12.1 26.5 19.52 112.62 
260409-1702 260409-1702_11_0 19.383 0.023 38.5892 38.7802 11.8 25.9 19.39 107.43 
260409-1702 260409-1702_11_1 19.463 0.041 38.5762 38.7645 12.0 24.0 19.46 110.57 
260409-1702 260409-1702_11_2 19.451 0.038 38.6071 38.7958 11.6 25.2 19.45 106.02 
260409-1702 260409-1702_11_3 19.435 0.030 38.5993 38.7885 11.6 28.7 19.43 105.70 
260409-1702 260409-1702_11_4 19.445 0.043 38.5707 38.7596 11.6 26.7 19.44 105.37 
260409-1702 260409-1702_11_5 19.425 0.024 38.6166 38.8061 11.7 24.3 19.43 107.17 
260409-1702 260409-1702_11_6 19.420 0.025 38.5936 38.7833 11.7 25.5 19.42 107.39 
260409-1702 260409-1702_11_7 19.423 0.022 38.5185 38.7081 11.7 25.6 19.43 110.24 
260409-1702 260409-1702_11_8 19.427 0.030 38.5705 38.7600 11.8 25.8 19.42 109.50 
260409-1702 260409-1702_11_9 19.429 0.031 38.6094 38.7988 11.8 27.3 19.43 106.21 
260409-1702 260409-1702_11_10 19.433 0.036 38.6021 38.7914 11.8 27.0 19.43 109.42 
260409-1702 260409-1702_11_11 19.438 0.040 38.6040 38.7931 11.8 30.3 19.44 107.67 
260409-1702 260409-1702_11_12 19.438 0.040 38.5973 38.7864 11.8 26.8 19.44 109.19 
260409-1702 260409-1702_11_13 19.441 0.043 38.5712 38.7602 11.9 27.2 19.44 108.84 
260409-1702 260409-1702_11_14 19.438 0.040 38.5836 38.7728 11.9 25.7 19.44 109.01 
260409-1702 260409-1702_11_15 19.441 0.039 38.5496 38.7386 11.9 25.1 19.44 109.38 
260409-1702 260409-1702_11_16 19.455 0.045 38.5749 38.7634 11.9 27.6 19.46 111.87 
260409-1702 260409-1702_11_17 19.480 0.059 38.5939 38.7816 12.0 24.0 19.48 110.40 
260409-1702 260409-1702_11_18 19.514 0.057 38.5785 38.7650 12.1 26.4 19.51 110.74 
260409-1702 260409-1702_11_19 19.523 0.067 38.5488 38.7350 12.0 27.1 19.52 112.76 
260409-1702 260409-1702_12_0 19.395 0.027 38.6094 38.7999 11.8 27.9 19.39 107.97 
260409-1702 260409-1702_12_1 19.455 0.034 38.5750 38.7635 11.6 28.7 19.45 107.23 
260409-1702 260409-1702_12_2 19.447 0.041 38.5596 38.7484 11.6 28.2 19.45 106.77 
260409-1702 260409-1702_12_3 19.430 0.024 38.5751 38.7645 12.0 24.6 19.43 109.33 
260409-1702 260409-1702_12_4 19.433 0.032 38.6004 38.7897 11.7 25.3 19.43 109.16 
260409-1702 260409-1702_12_5 19.420 0.022 38.5918 38.7815 11.7 24.4 19.42 108.56 
260409-1702 260409-1702_12_6 19.416 0.018 38.5364 38.7262 11.7 34.0 19.42 109.37 
260409-1702 260409-1702_12_7 19.421 0.024 38.6145 38.8041 11.8 28.3 19.42 106.35 
260409-1702 260409-1702_12_8 19.424 0.029 38.6047 38.7943 11.8 29.2 19.43 107.25 
260409-1702 260409-1702_12_9 19.424 0.029 38.6044 38.7940 11.7 25.6 19.42 106.52 
260409-1702 260409-1702_12_10 19.433 0.036 38.6106 38.7999 11.8 25.2 19.43 107.98 
260409-1702 260409-1702_12_11 19.438 0.036 38.6161 38.8053 11.8 25.1 19.43 108.14 
260409-1702 260409-1702_12_12 19.433 0.036 38.6035 38.7927 11.9 24.4 19.43 109.92 
260409-1702 260409-1702_12_13 19.438 0.043 38.5779 38.7670 11.9 25.2 19.43 108.51 
260409-1702 260409-1702_12_14 19.436 0.041 38.5715 38.7607 11.9 28.1 19.43 108.80 
260409-1702 260409-1702_12_15 19.443 0.045 38.5533 38.7422 12.2 28.6 19.45 110.29 
260409-1702 260409-1702_12_16 19.453 0.051 38.5632 38.7518 11.9 27.7 19.45 108.45 
260409-1702 260409-1702_12_17 19.483 0.065 38.5880 38.7756 12.0 27.3 19.48 109.63 
260409-1702 260409-1702_12_18 19.515 0.062 38.5530 38.7395 12.1 26.4 19.52 111.65 
260409-1702 260409-1702_12_19 19.527 0.067 38.5569 38.7430 12.1 28.2 19.53 113.64 
260409-1702 260409-1702_13_0 19.404 0.034 38.5769 38.7671 11.8 29.5 19.41 108.79 
260409-1702 260409-1702_13_1 19.457 0.031 38.5348 38.7232 11.6 24.7 19.46 108.70 
260409-1702 260409-1702_13_2 19.453 0.047 38.5312 38.7198 11.6 25.2 19.45 108.56 
260409-1702 260409-1702_13_3 19.431 0.022 38.5231 38.7124 11.6 25.2 19.43 106.69 
260409-1702 260409-1702_13_4 19.431 0.030 38.5588 38.7481 11.7 26.3 19.43 109.49 
260409-1702 260409-1702_13_5 19.416 0.018 38.5467 38.7366 11.6 26.2 19.41 108.98 
260409-1702 260409-1702_13_6 19.416 0.022 38.5776 38.7674 11.7 25.2 19.42 108.59 
260409-1702 260409-1702_13_7 19.420 0.025 38.6189 38.8086 11.7 27.5 19.42 107.22 
260409-1702 260409-1702_13_8 19.424 0.029 38.6164 38.8060 11.8 26.1 19.43 107.41 
260409-1702 260409-1702_13_9 19.420 0.029 38.6207 38.8104 11.8 28.1 19.41 106.99 
260409-1702 260409-1702_13_10 19.428 0.037 38.5997 38.7891 11.8 26.0 19.43 107.32 
260409-1702 260409-1702_13_11 19.435 0.038 38.5671 38.7562 11.8 25.3 19.44 110.11 
260409-1702 260409-1702_13_12 19.435 0.038 38.6078 38.7970 11.9 27.7 19.43 109.40 
260409-1702 260409-1702_13_13 19.432 0.045 38.6035 38.7928 11.9 28.1 19.43 108.53 
260409-1702 260409-1702_13_14 19.432 0.045 38.5659 38.7552 11.8 26.5 19.43 109.06 
260409-1702 260409-1702_13_15 19.443 0.049 38.5758 38.7647 11.9 26.8 19.45 109.25 
260409-1702 260409-1702_13_16 19.455 0.057 38.5803 38.7689 11.9 25.5 19.45 108.73 
260409-1702 260409-1702_13_17 19.485 0.062 38.5587 38.7462 12.0 25.9 19.48 109.02 
260409-1702 260409-1702_13_18 19.514 0.065 38.6163 38.8029 12.1 25.3 19.52 114.54 
260409-1702 260409-1702_13_19 19.526 0.069 38.5435 38.7296 12.0 24.0 19.52 111.84 
260409-1702 260409-1702_14_0 19.404 0.030 38.5415 38.7318 11.8 25.3 19.41 110.69 
260409-1702 260409-1702_14_1 19.459 0.029 38.5647 38.7531 11.6 27.1 19.46 109.89 
260409-1702 260409-1702_14_2 19.451 0.045 38.5421 38.7307 11.7 27.9 19.45 107.38 
260409-1702 260409-1702_14_3 19.425 0.020 38.5618 38.7513 11.6 27.0 19.43 105.31 
260409-1702 260409-1702_14_4 19.439 0.041 38.5658 38.7549 11.7 25.2 19.44 106.17 
260409-1702 260409-1702_14_5 19.414 0.020 38.5391 38.7290 11.6 26.0 19.42 106.96 
260409-1702 260409-1702_14_6 19.418 0.024 38.6108 38.8006 12.1 24.0 19.42 107.03 
260409-1702 260409-1702_14_7 19.418 0.027 38.6023 38.7921 12.1 25.7 19.41 106.86 
260409-1702 260409-1702_14_8 19.420 0.029 38.6036 38.7933 11.7 25.5 19.42 106.65 
260409-1702 260409-1702_14_9 19.420 0.029 38.5394 38.7291 11.7 27.3 19.42 109.56 
260409-1702 260409-1702_14_10 19.425 0.027 38.6106 38.8001 11.8 26.2 19.43 106.63 
260409-1702 260409-1702_14_11 19.432 0.037 38.5588 38.7482 11.8 27.2 19.44 109.72 
260409-1702 260409-1702_14_12 19.434 0.043 38.6020 38.7912 11.8 25.8 19.43 109.73 
260409-1702 260409-1702_14_13 19.432 0.049 38.6139 38.8033 11.9 28.0 19.43 107.39 
260409-1702 260409-1702_14_14 19.436 0.045 38.5621 38.7513 11.9 25.8 19.44 109.97 
260409-1702 260409-1702_14_15 19.441 0.047 38.5798 38.7688 11.9 26.3 19.44 109.46 
260409-1702 260409-1702_14_16 19.453 0.055 38.5915 38.7801 12.0 24.5 19.45 108.16 
260409-1702 260409-1702_14_17 19.488 0.066 38.5431 38.7305 12.0 28.3 19.49 112.38 
260409-1702 260409-1702_14_18 19.518 0.072 38.6135 38.7999 12.1 28.2 19.52 114.51 
260409-1702 260409-1702_14_19 19.532 0.071 38.5511 38.7370 12.0 23.7 19.53 112.04 
260409-1702 260409-1702_15_0 19.416 0.037 38.5595 38.7494 11.8 26.0 19.42 109.01 
260409-1702 260409-1702_15_1 19.459 0.041 38.5852 38.7736 11.7 25.0 19.46 109.60 
260409-1702 260409-1702_15_2 19.453 0.043 38.5954 38.7840 11.6 26.0 19.45 105.51 
260409-1702 260409-1702_15_3 19.422 0.016 38.6016 38.7913 11.7 26.6 19.42 109.62 
260409-1702 260409-1702_15_4 19.429 0.032 38.5550 38.7444 11.7 27.4 19.43 105.98 
260409-1702 260409-1702_15_5 19.416 0.022 38.5752 38.7650 11.6 26.6 19.41 105.65 
260409-1702 260409-1702_15_6 19.416 0.022 38.6153 38.8051 11.7 27.2 19.41 106.16 
260409-1702 260409-1702_15_7 19.418 0.020 38.6190 38.8088 11.8 26.0 19.41 106.21 
260409-1702 260409-1702_15_8 19.418 0.028 38.6099 38.7997 11.8 27.1 19.41 106.23 
260409-1702 260409-1702_15_9 19.416 0.033 38.6155 38.8054 11.8 26.2 19.41 109.28 
260409-1702 260409-1702_15_10 19.424 0.033 38.5687 38.7583 11.8 27.8 19.42 109.09 
260409-1702 260409-1702_15_11 19.434 0.039 38.6103 38.7995 12.2 25.7 19.43 110.71 
260409-1702 260409-1702_15_12 19.430 0.047 38.5682 38.7576 11.8 27.1 19.43 110.73 
260409-1702 260409-1702_15_13 19.435 0.053 38.6329 38.8221 11.9 26.8 19.43 107.71 
260409-1702 260409-1702_15_14 19.432 0.049 38.5600 38.7494 11.9 26.9 19.43 109.60 
260409-1702 260409-1702_15_15 19.445 0.055 38.5589 38.7478 11.9 23.5 19.45 110.71 
260409-1702 260409-1702_15_16 19.451 0.057 38.5834 38.7720 11.9 28.5 19.45 107.87 
260409-1702 260409-1702_15_17 19.485 0.059 38.5430 38.7306 12.0 29.1 19.48 111.98 
260409-1702 260409-1702_15_18 19.515 0.071 38.5921 38.7786 12.0 28.3 19.52 112.02 
260409-1702 260409-1702_15_19 19.527 0.071 38.5725 38.7585 12.1 24.6 19.52 114.20 
260409-1702 260409-1702_16_0 19.428 0.041 38.5858 38.7753 11.8 24.3 19.43 108.71 
260409-1702 260409-1702_16_1 19.459 0.049 38.5852 38.7736 11.7 25.0 19.46 106.53 
260409-1702 260409-1702_16_2 19.459 0.053 38.5985 38.7869 11.7 26.2 19.46 105.55 
260409-1702 260409-1702_16_3 19.418 0.020 38.5707 38.7605 11.6 27.2 19.42 109.58 
260409-1702 260409-1702_16_4 19.428 0.026 38.5193 38.7087 11.7 25.7 19.43 107.31 
260409-1702 260409-1702_16_5 19.412 0.022 38.5964 38.7863 11.7 26.9 19.41 107.02 
260409-1702 260409-1702_16_6 19.416 0.022 38.6192 38.8090 11.8 25.4 19.41 106.70 
260409-1702 260409-1702_16_7 19.416 0.022 38.6085 38.7984 11.7 27.0 19.42 107.33 
260409-1702 260409-1702_16_8 19.418 0.027 38.5989 38.7887 11.8 26.7 19.42 109.54 
260409-1702 260409-1702_16_9 19.412 0.033 38.6120 38.8020 11.8 28.5 19.41 106.44 
260409-1702 260409-1702_16_10 19.422 0.035 38.5255 38.7152 11.8 26.7 19.42 110.68 
260409-1702 260409-1702_16_11 19.430 0.039 38.6074 38.7968 11.8 26.4 19.43 110.11 
260409-1702 260409-1702_16_12 19.434 0.043 38.5549 38.7441 11.8 29.8 19.43 114.47 
260409-1702 260409-1702_16_13 19.428 0.049 38.6260 38.8155 11.9 26.2 19.43 108.44 
260409-1702 260409-1702_16_14 19.433 0.051 38.5735 38.7628 11.9 27.2 19.43 109.56 
260409-1702 260409-1702_16_15 19.445 0.062 38.5433 38.7321 11.9 27.2 19.44 109.83 
260409-1702 260409-1702_16_16 19.453 0.062 38.5417 38.7303 11.9 27.8 19.46 107.83 
260409-1702 260409-1702_16_17 19.485 0.063 38.6212 38.8088 12.0 26.2 19.48 113.48 
260409-1702 260409-1702_16_18 19.521 0.077 38.5630 38.7493 12.1 25.5 19.53 110.09 
260409-1702 260409-1702_16_19 19.531 0.082 38.5736 38.7595 12.0 26.4 19.53 113.18 
260409-1702 260409-1702_17_0 19.432 0.042 38.5917 38.7810 11.8 26.2 19.44 108.95 
260409-1702 260409-1702_17_1 19.463 0.057 38.5601 38.7484 11.7 24.6 19.46 108.60 
260409-1702 260409-1702_17_2 19.461 0.055 38.5773 38.7657 12.0 26.8 19.46 109.02 
260409-1702 260409-1702_17_3 19.414 0.013 38.5965 38.7864 11.6 25.4 19.41 107.19 
260409-1702 260409-1702_17_4 19.424 0.022 38.6092 38.7988 11.7 26.2 19.42 107.93 
260409-1702 260409-1702_17_5 19.408 0.022 38.6110 38.8011 11.7 25.6 19.41 107.77 
260409-1702 260409-1702_17_6 19.416 0.025 38.6084 38.7982 12.1 26.8 19.41 106.79 
260409-1702 260409-1702_17_7 19.412 0.026 38.5774 38.7673 11.7 25.8 19.41 108.45 
260409-1702 260409-1702_17_8 19.412 0.029 38.5752 38.7652 11.7 26.6 19.41 110.06 
260409-1702 260409-1702_17_9 19.422 0.043 38.6098 38.7995 11.8 24.9 19.42 106.49 
260409-1702 260409-1702_17_10 19.424 0.038 38.5987 38.7882 11.8 26.6 19.42 107.76 
260409-1702 260409-1702_17_11 19.426 0.039 38.5852 38.7748 11.8 23.6 19.43 108.56 
260409-1702 260409-1702_17_12 19.432 0.045 38.6008 38.7901 11.9 26.8 19.43 109.78 
260409-1702 260409-1702_17_13 19.430 0.051 38.6243 38.8137 11.9 26.0 19.43 108.51 
260409-1702 260409-1702_17_14 19.442 0.055 38.5930 38.7820 11.9 26.2 19.44 109.31 
260409-1702 260409-1702_17_15 19.445 0.067 38.5646 38.7535 11.9 25.6 19.45 109.24 
260409-1702 260409-1702_17_16 19.455 0.061 38.5528 38.7413 11.9 28.7 19.46 110.95 
260409-1702 260409-1702_17_17 19.486 0.069 38.6344 38.8219 12.0 27.7 19.48 113.77 
260409-1702 260409-1702_17_18 19.523 0.078 38.5705 38.7567 12.1 27.9 19.52 112.16 
260409-1702 260409-1702_17_19 19.531 0.078 38.5895 38.7755 12.0 23.5 19.53 112.32 
260409-1702 260409-1702_18_0 19.436 0.045 38.6008 38.7900 11.7 27.2 19.43 107.37 
260409-1702 260409-1702_18_1 19.449 0.043 38.5792 38.7680 11.7 26.0 19.45 109.69 
260409-1702 260409-1702_18_2 19.459 0.057 38.5251 38.7135 11.6 25.4 19.46 107.65 
260409-1702 260409-1702_18_3 19.416 0.020 38.6024 38.7922 11.7 26.1 19.41 106.27 
260409-1702 260409-1702_18_4 19.418 0.020 38.5978 38.7876 11.6 26.6 19.41 107.59 
260409-1702 260409-1702_18_5 19.404 0.014 38.6012 38.7915 11.7 29.6 19.40 107.18 
260409-1702 260409-1702_18_6 19.408 0.015 38.5930 38.7831 11.7 26.3 19.40 106.79 
260409-1702 260409-1702_18_7 19.410 0.020 38.5694 38.7594 11.8 26.8 19.41 108.89 
260409-1702 260409-1702_18_8 19.406 0.035 38.6125 38.8026 11.7 26.1 19.41 107.79 
260409-1702 260409-1702_18_9 19.418 0.035 38.6131 38.8029 11.8 29.5 19.42 106.71 
260409-1702 260409-1702_18_10 19.420 0.037 38.5823 38.7720 11.8 26.2 19.42 108.18 
260409-1702 260409-1702_18_11 19.430 0.039 38.5921 38.7814 11.8 29.1 19.43 107.57 
260409-1702 260409-1702_18_12 19.435 0.049 38.5470 38.7362 11.8 25.0 19.44 110.66 
260409-1702 260409-1702_18_13 19.430 0.051 38.5688 38.7582 11.9 24.6 19.43 109.70 
260409-1702 260409-1702_18_14 19.439 0.061 38.5923 38.7814 11.9 29.0 19.44 108.36 
260409-1702 260409-1702_18_15 19.451 0.068 38.5878 38.7764 11.9 25.0 19.45 109.30 
260409-1702 260409-1702_18_16 19.459 0.068 38.5984 38.7868 12.0 26.3 19.45 113.29 
260409-1702 260409-1702_18_17 19.494 0.084 38.5844 38.7716 12.1 24.3 19.49 111.87 
260409-1702 260409-1702_18_18 19.529 0.084 38.6034 38.7894 12.1 25.4 19.53 113.63 
260409-1702 260409-1702_18_19 19.529 0.088 38.6029 38.7889 12.0 26.2 19.53 112.82 
260409-1702 260409-1702_19_0 19.445 0.055 38.5367 38.7256 11.7 25.2 19.45 109.09 
260409-1702 260409-1702_19_1 19.444 0.034 38.5784 38.7673 11.7 24.2 19.44 110.50 
260409-1702 260409-1702_19_2 19.466 0.065 38.5633 38.7514 11.6 26.7 19.47 105.95 
260409-1702 260409-1702_19_3 19.420 0.030 38.5543 38.7440 11.6 26.4 19.43 105.72 
260409-1702 260409-1702_19_4 19.420 0.025 38.5942 38.7839 11.7 27.4 19.42 108.40 
260409-1702 260409-1702_19_5 19.409 0.022 38.6017 38.7918 11.7 25.5 19.41 107.39 
260409-1702 260409-1702_19_6 19.420 0.037 38.6269 38.8167 11.7 25.1 19.42 106.56 
260409-1702 260409-1702_19_7 19.410 0.028 38.6205 38.8105 11.8 26.7 19.41 106.21 
260409-1702 260409-1702_19_8 19.418 0.044 38.5881 38.7779 11.8 27.0 19.42 110.01 
260409-1702 260409-1702_19_9 19.414 0.036 38.5578 38.7477 11.8 25.8 19.41 109.10 
260409-1702 260409-1702_19_10 19.418 0.039 38.6072 38.7970 11.8 26.9 19.42 109.74 
260409-1702 260409-1702_19_11 19.424 0.045 38.6153 38.8049 11.9 25.3 19.42 107.80 
260409-1702 260409-1702_19_12 19.433 0.055 38.5429 38.7322 11.8 25.5 19.43 110.30 
260409-1702 260409-1702_19_13 19.431 0.057 38.5767 38.7660 11.9 27.4 19.43 109.56 
260409-1702 260409-1702_19_14 19.444 0.065 38.6142 38.8032 11.9 24.6 19.44 109.64 
260409-1702 260409-1702_19_15 19.447 0.069 38.5740 38.7628 11.9 26.1 19.45 110.05 
260409-1702 260409-1702_19_16 19.459 0.072 38.5570 38.7454 11.9 24.8 19.46 111.14 
260409-1702 260409-1702_19_17 19.504 0.086 38.5635 38.7504 12.4 24.8 19.50 112.16 
260409-1702 260409-1702_19_18 19.529 0.084 38.5527 38.7388 12.1 27.7 19.53 111.62 
260409-1702 260409-1702_19_19 19.537 0.088 38.5830 38.7687 12.0 27.4 19.54 111.32 
260409-1702 260409-1702_20_0 19.431 0.034 38.5542 38.7435 11.7 25.2 19.43 109.82 
260409-1702 260409-1702_20_1 19.463 0.061 38.5353 38.7236 11.6 27.8 19.46 109.87 
260409-1702 260409-1702_20_2 19.441 0.036 38.6071 38.7961 11.7 26.2 19.44 105.42 
260409-1702 260409-1702_20_3 19.432 0.049 38.5581 38.7475 11.6 25.9 19.44 105.17 
260409-1702 260409-1702_20_4 19.409 0.018 38.5805 38.7706 11.7 25.3 19.41 107.03 
260409-1702 260409-1702_20_5 19.412 0.022 38.5744 38.7643 11.7 26.2 19.41 105.60 
260409-1702 260409-1702_20_6 19.420 0.041 38.6171 38.8069 11.9 24.5 19.42 106.73 
260409-1702 260409-1702_20_7 19.412 0.029 38.6166 38.8066 11.8 29.8 19.41 106.84 
260409-1702 260409-1702_20_8 19.418 0.039 38.5555 38.7453 11.7 27.5 19.42 109.26 
260409-1702 260409-1702_20_9 19.408 0.033 38.6140 38.8041 11.8 25.3 19.41 107.10 
260409-1702 260409-1702_20_10 19.420 0.037 38.6148 38.8045 11.8 26.6 19.42 110.16 
260409-1702 260409-1702_20_11 19.424 0.041 38.6029 38.7925 11.9 27.4 19.43 109.08 
260409-1702 260409-1702_20_12 19.434 0.059 38.5715 38.7608 11.8 25.6 19.43 109.37 
260409-1702 260409-1702_20_13 19.438 0.062 38.6236 38.8127 11.9 26.7 19.44 108.91 
260409-1702 260409-1702_20_14 19.444 0.073 38.5850 38.7739 11.9 25.9 19.44 109.36 
260409-1702 260409-1702_20_15 19.455 0.076 38.5508 38.7394 11.9 26.8 19.46 110.16 
260409-1702 260409-1702_20_16 19.465 0.078 38.5684 38.7566 11.9 26.8 19.46 111.33 
260409-1702 260409-1702_20_17 19.506 0.092 38.5440 38.7308 12.1 26.0 19.51 112.65 
260409-1702 260409-1702_20_18 19.535 0.094 38.5902 38.7760 12.0 30.1 19.53 112.91 
260409-1702 260409-1702_20_19 19.537 0.092 38.5650 38.7507 12.0 23.0 19.54 110.54 
260409-1702 260409-1702_21_0 19.430 0.028 38.5812 38.7706 11.7 25.9 19.43 108.68 
260409-1702 260409-1702_21_1 19.447 0.041 38.5358 38.7246 11.6 25.4 19.45 108.75 
260409-1702 260409-1702_21_2 19.439 0.034 38.5984 38.7875 11.6 25.2 19.44 109.42 
260409-1702 260409-1702_21_3 19.447 0.065 38.5261 38.7149 11.6 25.4 19.45 106.79 
260409-1702 260409-1702_21_4 19.412 0.018 38.5665 38.7565 11.7 25.3 19.41 105.70 
260409-1702 260409-1702_21_5 19.407 0.017 38.5803 38.7705 11.7 27.4 19.40 106.31 
260409-1702 260409-1702_21_6 19.418 0.035 38.6127 38.8025 11.8 26.7 19.42 107.35 
260409-1702 260409-1702_21_7 19.414 0.031 38.6002 38.7901 11.8 23.9 19.42 107.01 
260409-1702 260409-1702_21_8 19.410 0.031 38.6037 38.7937 11.8 25.4 19.41 108.19 
260409-1702 260409-1702_21_9 19.412 0.037 38.6205 38.8105 12.1 27.1 19.41 106.83 
260409-1702 260409-1702_21_10 19.420 0.045 38.5703 38.7600 11.8 28.2 19.42 109.47 
260409-1702 260409-1702_21_11 19.432 0.049 38.6261 38.8155 11.9 25.8 19.43 108.31 
260409-1702 260409-1702_21_12 19.438 0.062 38.5852 38.7743 11.9 26.2 19.44 109.34 
260409-1702 260409-1702_21_13 19.434 0.066 38.6124 38.8016 11.9 25.4 19.44 108.65 
260409-1702 260409-1702_21_14 19.449 0.074 38.5800 38.7687 11.9 26.6 19.45 108.99 
260409-1702 260409-1702_21_15 19.455 0.076 38.5361 38.7246 11.9 27.3 19.46 110.37 
260409-1702 260409-1702_21_16 19.469 0.082 38.6023 38.7903 12.3 25.1 19.47 112.20 
260409-1702 260409-1702_21_17 19.504 0.090 38.6078 38.7946 12.0 27.8 19.51 113.05 
260409-1702 260409-1702_21_18 19.540 0.101 38.5957 38.7813 12.1 27.3 19.54 113.46 
260409-1702 260409-1702_21_19 19.533 0.092 38.5423 38.7282 12.1 24.3 19.53 111.02 
260409-1702 260409-1702_22_0 19.441 0.042 38.5937 38.7827 11.8 24.9 19.45 108.71 
260409-1702 260409-1702_22_1 19.473 0.075 38.5560 38.7440 11.6 24.8 19.48 107.02 
260409-1702 260409-1702_22_2 19.444 0.034 38.5731 38.7620 11.6 25.8 19.44 109.57 
260409-1702 260409-1702_22_3 19.453 0.066 38.5534 38.7420 11.7 25.7 19.45 109.60 
260409-1702 260409-1702_22_4 19.416 0.025 38.5397 38.7296 11.7 28.2 19.42 107.21 
260409-1702 260409-1702_22_5 19.416 0.029 38.6136 38.8034 11.7 28.4 19.42 107.16 
260409-1702 260409-1702_22_6 19.428 0.037 38.5834 38.7728 11.7 26.4 19.43 107.57 
260409-1702 260409-1702_22_7 19.416 0.033 38.5645 38.7543 11.7 26.1 19.41 108.81 
260409-1702 260409-1702_22_8 19.420 0.041 38.6066 38.7963 11.8 26.2 19.42 107.11 
260409-1702 260409-1702_22_9 19.420 0.045 38.6084 38.7981 11.8 25.2 19.42 109.39 
260409-1702 260409-1702_22_10 19.424 0.049 38.6160 38.8056 11.8 26.3 19.43 106.62 
260409-1702 260409-1702_22_11 19.432 0.053 38.6040 38.7933 11.9 26.5 19.43 108.22 
260409-1702 260409-1702_22_12 19.442 0.071 38.5884 38.7774 11.8 28.8 19.45 109.43 
260409-1702 260409-1702_22_13 19.445 0.067 38.5940 38.7828 11.9 27.0 19.45 108.02 
260409-1702 260409-1702_22_14 19.453 0.086 38.6012 38.7898 11.9 27.5 19.45 108.31 
260409-1702 260409-1702_22_15 19.465 0.082 38.5440 38.7322 11.9 25.8 19.46 109.65 
260409-1702 260409-1702_22_16 19.471 0.092 38.6234 38.8114 12.0 27.3 19.47 112.18 
260409-1702 260409-1702_22_17 19.508 0.090 38.6436 38.8304 12.1 26.5 19.51 114.27 
260409-1702 260409-1702_22_18 19.545 0.107 38.5665 38.7519 12.1 27.5 19.54 112.97 
260409-1702 260409-1702_22_19 19.541 0.100 38.5554 38.7410 12.0 26.1 19.54 109.44 
