260409-1702_0_0 4 400 37.9265 19.2283 0.00438613 38.1227 0.0168045 1.8359 -3577.19 94.3191 770146
260409-1702_0_10 4 400 37.9262 19.4359 0.00323669 38.1154 0.00825389 2.01442 -3587.73 94.5976 812627
260409-1702_0_11 4 400 37.9641 19.4436 0.00512696 38.153 0.00719727 1.68029 -3578.84 94.269 812024
260409-1702_0_12 4 400 37.9722 19.4457 0.00149603 38.161 0.00754099 4.9757 -3582.57 94.3473 804202
260409-1702_0_1 4 400 37.9881 19.4541 0.0019518 38.1767 0.0160327 0.601668 -3589.1 94.4792 780425
260409-1702_0_13 4 400 37.9533 19.4519 0.0019518 38.1419 0.00930173 3.00828 -3573.02 94.1427 801537
260409-1702_0_14 4 400 37.9601 19.4531 0.00186445 38.1487 0.00840264 2.29702 -3583.89 94.412 805991
260409-1702_0_15 4 400 38.0025 19.4579 0.000690066 38.1909 0.00909647 5.24009 -3579.7 94.1965 804794
260409-1702_0_16 4 400 37.9386 19.4663 0.00138013 38.1268 0.00701491 3.84123 -3584.86 94.491 804449
260409-1702_0_17 4 400 37.9936 19.4746 0.00151186 38.1815 0.00795259 2.11036 -3569.34 93.9458 829354
260409-1702_0_18 4 400 37.9973 19.5131 0.00291139 38.1839 0.00933785 2.28955 -3581.92 94.2676 829452
260409-1702_0_19 4 400 37.9368 19.5387 0.00262769 38.1225 0.0100571 1.63987 -3573.7 94.2012 829644
260409-1702_0_2 4 400 38.0076 19.4681 0.00409994 38.1957 0.0135839 1.30527 -3616.53 95.1528 775689
260409-1702_0_3 4 400 37.9428 19.449 0.00282843 38.1316 0.00994989 1.10569 -3565.44 93.9686 789713
260409-1702_0_4 4 400 37.9801 19.4479 0.00226779 38.1689 0.0110887 1.50687 -3574.25 94.1085 803034
260409-1702_0_5 4 400 37.9603 19.4279 0.00459814 38.1497 0.00302145 3.18386 -3593.18 94.6564 795487
260409-1702_0_6 4 400 38.0045 19.4239 0.0019518 38.1941 0.0114924 3.1539 -3580.26 94.2063 793650
260409-1702_0_7 4 400 38.0044 19.4347 0.0040708 38.1936 0.0150295 1.53652 -3583.05 94.2797 802566
260409-1702_0_8 4 400 37.9974 19.431 0.00282843 38.1867 0.010552 2.11091 -3569.82 93.949 781337
260409-1702_0_9 4 400 38.0363 19.4313 0.00138013 38.2256 0.0151325 1.44362 -3620.16 95.1764 787285
260409-1702_10_0 4 400 37.9519 19.3739 0.00247848 38.1432 0.00865443 3.65539 -3606.98 95.0408 789488
260409-1702_10_10 4 400 37.9875 19.431 0.00258199 38.1768 0.00655273 4.73132 -3637.43 95.7534 790530
260409-1702_10_11 4 400 37.9637 19.4379 0.0034365 38.1528 0.00783105 0.440146 -3583.43 94.3909 803697
260409-1702_10_12 4 400 37.9726 19.4376 0.00190238 38.1617 0.0109143 3.07322 -3585.7 94.4286 809779
260409-1702_10_1 4 400 37.9577 19.4587 0.00354562 38.1461 0.00827396 1.99082 -3615.18 95.2424 772083
260409-1702_10_13 4 400 37.9731 19.4387 0.00179947 38.1622 0.0150951 1.30189 -3585.12 94.4119 811868
260409-1702_10_14 4 400 37.9712 19.4353 0.00138013 38.1604 0.0149978 0.743018 -3565.09 93.8893 819526
260409-1702_10_15 4 400 37.9752 19.4459 0.00362531 38.1641 0.0126965 1.10121 -3601.98 94.8507 808762
260409-1702_10_16 4 400 37.9735 19.4533 0.00179947 38.1621 0.00814582 3.46994 -3593.53 94.6325 828327
260409-1702_10_17 4 400 37.9891 19.4774 0.00222539 38.1769 0.015013 1.40912 -3580.71 94.2561 828099
260409-1702_10_18 4 400 37.9835 19.5139 0.00157359 38.17 0.0131406 1.61077 -3566.71 93.9016 823940
260409-1702_10_19 4 400 37.953 19.5261 0.00226779 38.1391 0.00833071 1.3506 -3568.42 94.0223 823598
260409-1702_10_2 4 400 37.9191 19.4516 0.00442934 38.1078 0.0133523 1.19248 -3551.55 93.661 796122
260409-1702_1_0 4 400 37.9384 19.2494 0.00345722 38.1339 0.0129809 2.0565 -3603.1 94.9724 775716
260409-1702_10_3 4 400 37.9763 19.433 0.002 38.1655 0.00843448 2.80286 -3613.61 95.1544 783434
260409-1702_10_4 4 400 37.9423 19.4413 0.00138013 38.1313 0.0108265 0.716748 -3589.05 94.5923 797458
260409-1702_10_5 4 400 37.9949 19.4239 0.00226779 38.1845 0.00994814 1.91191 -3586.17 94.3855 791488
260409-1702_10_6 4 400 38.013 19.4151 0.00106904 38.2028 0.00859408 2.7871 -3592.65 94.5111 814212
260409-1702_10_7 4 400 37.9808 19.4229 0.00219306 38.1705 0.0087582 2.31599 -3589.6 94.5108 805993
260409-1702_10_8 4 400 37.8974 19.4241 0.00302372 38.087 0.00911089 2.05593 -3568.94 94.1737 805498
260409-1702_10_9 4 400 38.0061 19.425 0.00129099 38.1957 0.00998361 2.06437 -3584.04 94.3016 811382
260409-1702_1_10 4 400 37.9345 19.4461 0.0019518 38.1233 0.00716772 5.23088 -3590.61 94.6529 813273
260409-1702_11_0 4 400 37.9796 19.3863 0.00213809 38.1705 0.0125677 1.53345 -3596.96 94.7076 763143
260409-1702_11_10 4 400 38.0033 19.4277 0.00205866 38.1928 0.00310846 6.16389 -3587.39 94.3967 765027
260409-1702_11_11 4 400 38.0049 19.4379 0.00302372 38.194 0.00965682 1.11989 -3600.62 94.7409 780572
260409-1702_11_12 4 400 37.9772 19.4341 0.0019518 38.1664 0.0123038 2.23899 -3578.57 94.2297 770774
260409-1702_1_11 4 400 37.9731 19.4536 0.0009759 38.1617 0.00602632 2.30821 -3576.92 94.1961 797448
260409-1702_11_1 4 400 37.9614 19.4581 0.00226779 38.1498 0.0146574 1.56439 -3575.58 94.1898 790909
260409-1702_11_13 4 400 37.9655 19.4366 0.00161835 38.1547 0.0085964 2.16219 -3587.99 94.5066 776333
260409-1702_11_14 4 400 37.9695 19.4387 0.00213809 38.1586 0.0149422 1.16854 -3584.51 94.4049 793548
260409-1702_11_15 4 400 37.9319 19.4393 0.00138013 38.1209 0.00831505 1.64072 -3585.77 94.5318 779652
260409-1702_11_16 4 400 37.9607 19.4519 0.00226779 38.1494 0.00667181 2.55525 -3572.75 94.1171 807427
260409-1702_11_17 4 400 37.9679 19.48 0.0034641 38.1556 0.0135776 0.643147 -3566.51 93.9348 810836
260409-1702_11_18 4 400 37.9757 19.5147 0.00138013 38.1622 0.00963563 3.39252 -3571.14 94.0375 804119
260409-1702_11_19 4 400 37.9251 19.5264 0.0009759 38.1112 0.00980259 1.45008 -3547.94 93.5513 810813
260409-1702_1_12 4 400 37.9761 19.4544 0.00250713 38.1647 0.00671702 3.54985 -3580.22 94.2756 804038
260409-1702_11_2 4 400 37.9684 19.447 0.0023094 38.1572 0.0126654 2.33042 -3574.26 94.1376 762680
260409-1702_1_1 4 400 38.0071 19.4589 0.00219306 38.1955 0.00914613 1.8442 -3604.91 94.8483 763213
260409-1702_1_13 4 400 37.9906 19.4581 0.00226779 38.179 0.00884016 2.30748 -3609.23 95.0033 810113
260409-1702_11_3 4 400 37.9786 19.4301 0.00279455 38.168 0.0105842 1.84268 -3576.91 94.1822 771580
260409-1702_1_14 4 400 37.9618 19.4591 0.00307834 38.1502 0.0098725 2.13889 -3585.42 94.448 799189
260409-1702_11_4 4 400 37.9541 19.4387 0.00138013 38.1432 0.010357 1.76471 -3585.64 94.4731 764727
260409-1702_1_15 4 400 37.9925 19.4599 0.0019518 38.1808 0.0149611 0.706871 -3575.33 94.1061 807066
260409-1702_11_5 4 400 38.0039 19.4234 0.00243975 38.1935 0.00591135 2.44748 -3591.13 94.4938 778517
260409-1702_1_16 4 400 37.9276 19.4726 0.00151186 38.1156 0.00967131 1.33151 -3573.28 94.2132 804858
260409-1702_11_6 4 400 37.9941 19.4156 0.0021492 38.184 0.00754813 2.06946 -3587.98 94.4352 776553
260409-1702_1_17 4 400 37.9879 19.4797 0.0029277 38.1756 0.0130374 2.57247 -3586.9 94.4221 820952
260409-1702_11_7 4 400 37.9053 19.4221 0.00157359 38.095 0.00936807 1.37774 -3585.12 94.5807 771258
260409-1702_1_18 4 400 37.9675 19.5104 0.00276026 38.1542 0.0131997 2.21795 -3577.41 94.223 831279
260409-1702_11_8 4 400 37.9616 19.4206 0.0020702 38.1514 0.0117229 2.35121 -3581.66 94.3494 781781
260409-1702_1_19 4 400 37.9539 19.5376 0.00250713 38.1396 0.0158452 1.50641 -3576.1 94.222 827544
260409-1702_11_9 4 400 37.9767 19.421 0.00316228 38.1664 0.00932276 1.56735 -3563.5 93.8339 777871
260409-1702_12_0 4 400 37.9805 19.3986 0.00190238 38.1709 0.00677433 0.508394 -3584.56 94.3789 765757
260409-1702_12_10 4 400 37.9979 19.428 0.00216025 38.1874 0.0078108 1.23145 -3585.57 94.3621 765397
260409-1702_12_11 4 400 38.0115 19.4364 0.00222539 38.2007 0.00524515 2.61546 -3601.74 94.7537 783029
260409-1702_12_12 4 400 37.9896 19.4341 0.00279455 38.1788 0.0161309 0.824751 -3579.19 94.215 782070
260409-1702_12_1 4 400 37.9703 19.4541 0.00106904 38.1589 0.00797423 1.8322 -3602.76 94.8836 773349
260409-1702_12_13 4 400 37.9641 19.4329 0.00157359 38.1534 0.0167613 1.24548 -3585.54 94.4453 777248
260409-1702_12_14 4 400 37.9526 19.4336 0.0009759 38.1418 0.0112882 1.56402 -3579.41 94.3127 789675
260409-1702_12_15 4 400 37.923 19.4404 0.00190238 38.112 0.0189837 0.954038 -3568.78 94.1058 779545
260409-1702_12_16 4 400 37.9382 19.4521 0.00279455 38.1268 0.0139928 1.50533 -3556.43 93.7425 807554
260409-1702_12_17 4 400 37.9867 19.4866 0.00190238 38.1742 0.00879336 2.77149 -3592.4 94.5697 806902
260409-1702_12_18 4 400 37.9685 19.5139 0.00254484 38.1551 0.0125561 1.07539 -3586.15 94.4507 806929
260409-1702_12_19 4 400 37.9561 19.5299 0.00157359 38.1421 0.00843361 3.29032 -3573.9 94.1586 811073
260409-1702_12_2 4 400 37.9643 19.4486 0.00229907 38.153 0.0142145 1.82702 -3611.03 95.1167 787505
260409-1702_1_2 4 400 38.0096 19.467 0.0023094 38.1977 0.0185986 1.52677 -3598.08 94.6622 792884
260409-1702_12_3 4 400 37.9538 19.427 0.002 38.1432 0.0117727 1.11074 -3574.73 94.1863 773499
260409-1702_12_4 4 400 37.9984 19.4296 0.00299205 38.1878 0.00704928 2.49315 -3591.67 94.5215 772985
260409-1702_12_5 4 400 37.9696 19.418 0.001 38.1594 0.012454 1.50444 -3581.76 94.3321 779782
260409-1702_12_6 4 400 37.9313 19.412 0.00163299 38.1213 0.00784473 3.27258 -3591.85 94.6936 763137
260409-1702_12_7 4 400 37.9822 19.4201 0.00157359 38.1719 0.0157909 0.552719 -3581.4 94.2914 766855
260409-1702_12_8 4 400 37.987 19.421 0.00173205 38.1767 0.0127734 0.920703 -3584.91 94.3719 769105
260409-1702_12_9 4 400 37.9914 19.4213 0.000755929 38.1811 0.0152695 0.772426 -3578.68 94.1971 764497
260409-1702_13_0 4 400 37.978 19.4051 0.0019518 38.1682 0.00921288 1.69237 -3598.02 94.7396 782003
260409-1702_13_10 4 400 37.9603 19.4253 0.00125357 38.1499 0.014001 1.13867 -3562.31 93.8428 781983
260409-1702_13_11 4 400 37.967 19.4326 0.00161835 38.1563 0.00643839 3.8038 -3587.93 94.5012 796766
260409-1702_13_12 4 400 38.0196 19.4361 0.0019518 38.2088 0.00502372 2.25954 -3604.48 94.8058 792010
260409-1702_13_1 4 400 37.918 19.4527 0.0039036 38.1066 0.00777389 3.8442 -3580.92 94.4385 797742
260409-1702_13_13 4 400 37.9867 19.4331 0.00307834 38.176 0.00838109 1.27584 -3581.99 94.2959 778394
260409-1702_13_14 4 400 37.9304 19.432 0.0023094 38.1197 0.00971781 1.59207 -3567.64 94.0577 778680
260409-1702_13_15 4 400 37.9609 19.4416 0.00190238 38.1499 0.0158143 0.882092 -3584.83 94.4346 776561
260409-1702_13_16 4 400 37.9894 19.4513 0.00242997 38.1781 0.00954583 1.87662 -3580.08 94.2387 815808
260409-1702_13_17 4 400 37.9399 19.486 0.00163299 38.1274 0.0158381 1.09897 -3574.02 94.2021 804563
260409-1702_13_18 4 400 37.989 19.5136 0.00151186 38.1756 0.0170668 0.332466 -3546.63 93.3591 815678
260409-1702_13_19 4 400 37.9363 19.5287 0.0029277 38.1224 0.00875268 2.79572 -3569.96 94.1039 815941
260409-1702_13_2 4 400 37.9266 19.4493 0.00269037 38.1153 0.00688675 1.92423 -3596.44 94.8262 798806
260409-1702_1_3 4 400 37.9687 19.4561 0.00157359 38.1572 0.0109433 1.76297 -3587.19 94.4775 780143
260409-1702_13_3 4 400 37.8748 19.4219 0.0037607 38.0645 0.0107151 0.827993 -3559.6 93.9831 771786
260409-1702_13_4 4 400 37.9751 19.4336 0.00151186 38.1643 0.00802237 3.87613 -3607.61 94.9993 784244
260409-1702_13_5 4 400 37.9394 19.4174 0.0009759 38.1292 0.00858945 2.04265 -3587.31 94.5535 792350
260409-1702_13_6 4 400 37.9388 19.4143 0.00269037 38.1287 0.014517 0.712052 -3569.01 94.0727 778811
260409-1702_13_7 4 400 38.0183 19.4173 0.00205866 38.2081 0.00958608 2.24858 -3600.06 94.6928 771944
260409-1702_13_8 4 400 37.9988 19.4226 0.00310146 38.1885 0.00627869 3.11315 -3569.87 93.9468 776747
260409-1702_13_9 4 400 38.0273 19.4149 0.00254484 38.2172 0.00996694 3.27451 -3602.27 94.7283 772245
260409-1702_14_0 4 400 37.9301 19.4094 0.00320713 38.1202 0.0123589 1.88936 -3574.27 94.2329 797328
260409-1702_14_10 4 400 37.9754 19.4236 0.00190238 38.165 0.00881162 1.81632 -3575.12 94.143 780686
260409-1702_14_11 4 400 37.9626 19.4321 0.00106904 38.1519 0.0147703 1.82076 -3591.7 94.6114 782890
260409-1702_14_12 4 400 38.0048 19.431 0.0011547 38.1941 0.0129162 1.71958 -3594.36 94.5765 783650
260409-1702_14_1 4 400 37.9454 19.4559 0.00254484 38.1339 0.00948982 2.59576 -3570.98 94.1084 807914
260409-1702_14_13 4 400 37.991 19.4337 0.00188982 38.1802 0.0131581 0.784053 -3578.08 94.1822 788376
260409-1702_14_14 4 400 37.9777 19.4321 0.00186445 38.167 0.00547422 3.87657 -3604.93 94.9222 788988
260409-1702_14_15 4 400 37.96 19.4407 0.00138013 38.149 0.0114773 1.70508 -3576.89 94.2279 796922
260409-1702_14_16 4 400 37.9768 19.4496 0.00151186 38.1655 0.0108667 1.06857 -3560.69 93.7595 813584
260409-1702_14_17 4 400 37.952 19.4843 0.00138013 38.1395 0.00761948 4.47353 -3589.41 94.5777 814174
260409-1702_14_18 4 400 38.003 19.5144 0.00190238 38.1895 0.0131547 0.829958 -3564.73 93.8012 810361
260409-1702_14_19 4 400 37.9453 19.529 0.0011547 38.1313 0.0154226 0.943032 -3566.76 93.9973 818606
260409-1702_14_2 4 400 37.9181 19.4494 0.00181265 38.1069 0.0106862 0.656863 -3579.29 94.3952 801950
260409-1702_1_4 4 400 37.9703 19.4501 0.00106904 38.159 0.00530213 5.74506 -3595.77 94.6994 809559
260409-1702_14_3 4 400 37.9513 19.4211 0.00285357 38.141 0.00752812 1.64523 -3593.23 94.6801 788004
260409-1702_14_4 4 400 37.9285 19.4316 0.00190238 38.1179 0.0168725 0.407607 -3563.69 93.958 787730
260409-1702_14_5 4 400 37.8974 19.4149 0.00302372 38.0873 0.0126813 0.75181 -3560.11 93.9407 790134
260409-1702_14_6 4 400 37.9989 19.417 0.00173205 38.1887 0.00970608 0.844611 -3597.81 94.682 794455
260409-1702_14_7 4 400 37.9839 19.4134 0.00222539 38.1738 0.00538658 1.5648 -3572.34 94.0488 795873
260409-1702_14_8 4 400 37.9989 19.4186 0.00151186 38.1887 0.00857126 2.38808 -3582.71 94.2846 791475
260409-1702_14_9 4 400 37.9318 19.4171 0.00106904 38.1216 0.00565191 1.48961 -3581.93 94.431 783675
260409-1702_15_0 4 400 37.9541 19.4187 0.00249762 38.1439 0.00751683 2.20101 -3596.99 94.772 757580
260409-1702_15_10 4 400 37.9758 19.4194 0.00181265 38.1655 0.00665201 1.90597 -3601.4 94.8341 798482
260409-1702_15_11 4 400 38.0065 19.43 0.00191485 38.1959 0.0107366 1.47671 -3582.74 94.2665 805657
260409-1702_15_12 4 400 37.9523 19.4271 0.00279455 38.1418 0.0120952 0.989073 -3571.6 94.1075 803460
260409-1702_15_1 4 400 37.9719 19.4527 0.00314718 38.1605 0.00784805 3.14761 -3582.22 94.3387 771780
260409-1702_15_13 4 400 38.0024 19.432 0.00208167 38.1917 0.00610787 2.7512 -3570.72 93.9605 794191
260409-1702_15_14 4 400 37.9595 19.4321 0.00226779 38.1488 0.0106979 1.23486 -3587.58 94.5106 795134
260409-1702_15_15 4 400 37.9454 19.4441 0.00157359 38.1343 0.0105562 1.95964 -3574.23 94.1941 805383
260409-1702_15_16 4 400 37.9622 19.4496 0.00151186 38.1509 0.00431397 2.59254 -3553.43 93.6045 809757
260409-1702_15_17 4 400 37.9333 19.4811 0.00254484 38.1209 0.0107055 2.42681 -3571.42 94.15 816965
260409-1702_15_18 4 400 37.9843 19.5144 0.00190238 38.1708 0.0110095 1.15672 -3568.99 93.9596 808722
260409-1702_15_19 4 400 37.9681 19.5279 0.00157359 38.1542 0.0189068 1.35505 -3570.02 94.0269 803225
260409-1702_15_2 4 400 37.9995 19.4507 0.00179947 38.1881 0.0058715 1.51873 -3604.05 94.8446 767811
260409-1702_1_5 4 400 37.9688 19.4344 0.00340867 38.158 0.00957891 0.880319 -3566.96 93.9446 790917
260409-1702_15_3 4 400 37.9953 19.4167 0.00170434 38.1851 0.00841066 1.8451 -3581.05 94.2497 768106
260409-1702_15_4 4 400 37.9439 19.4213 0.00138013 38.1336 0.0123447 1.57402 -3592.7 94.6846 777016
260409-1702_15_5 4 400 37.9587 19.4149 0.00254484 38.1486 0.0103889 2.73405 -3584.47 94.4308 794910
260409-1702_15_6 4 400 37.9929 19.415 0.00321455 38.1828 0.0171651 0.720817 -3585.57 94.3745 778215
260409-1702_15_7 4 400 38.0402 19.4094 0.00151186 38.2303 0.00906442 1.39602 -3605.78 94.7888 788306
260409-1702_15_8 4 400 37.981 19.4167 0.00205866 38.1708 0.00979308 1.02288 -3566.79 93.9099 786137
260409-1702_15_9 4 400 38.0048 19.4143 0.00138013 38.1947 0.0135314 1.41403 -3586.34 94.3652 787979
260409-1702_16_0 4 400 37.9872 19.4229 0.0019518 38.1769 0.0075139 4.09972 -3597.17 94.6942 788687
260409-1702_16_10 4 400 37.9311 19.4217 0.00170434 38.1208 0.00920382 1.6448 -3590.64 94.6619 803046
260409-1702_16_11 4 400 37.9972 19.4244 0.00181265 38.1868 0.00893893 1.704 -3577.46 94.1505 804067
260409-1702_16_12 4 400 37.9478 19.4266 0.0020702 38.1373 0.0191766 1.31997 -3576.41 94.2452 785655
260409-1702_16_1 4 400 37.96 19.4541 0.00219306 38.1486 0.0131185 0.669351 -3597.2 94.7629 800969
260409-1702_16_13 4 400 38.0267 19.4296 0.00139728 38.2161 0.00900422 1.03865 -3593.64 94.503 797575
260409-1702_16_14 4 400 37.9789 19.431 0.00258199 38.1683 0.00889319 1.76258 -3597.15 94.7144 796400
260409-1702_16_15 4 400 37.9294 19.441 0.00163299 38.1184 0.0168337 0.863327 -3580.28 94.3931 805207
260409-1702_16_16 4 400 37.9453 19.451 0.00258199 38.134 0.00806935 3.03235 -3571.35 94.1184 798854
260409-1702_16_17 4 400 38.0097 19.4823 0.00269037 38.1973 0.0113105 1.24727 -3561.2 93.6917 808009
260409-1702_16_18 4 400 37.9314 19.5257 0.0031997 38.1175 0.00940411 0.993432 -3552.12 93.646 815526
260409-1702_16_19 4 400 37.9868 19.5289 0.00296808 38.1728 0.00623645 2.79124 -3581.69 94.2877 821631
260409-1702_16_2 4 400 37.9662 19.4519 0.00106904 38.1548 0.0172368 0.721444 -3571.72 94.0764 789673
260409-1702_1_6 4 400 37.9603 19.429 0.00326599 38.1497 0.012428 2.08501 -3584.21 94.42 804986
260409-1702_16_3 4 400 37.9381 19.416 0.00310913 38.128 0.0125133 0.864485 -3564.06 93.9441 775918
260409-1702_16_4 4 400 37.9167 19.419 0.0011547 38.1065 0.00845809 2.19839 -3594.95 94.8119 783400
260409-1702_16_5 4 400 37.9556 19.4089 0.0019518 38.1457 0.00951589 1.45797 -3556.38 93.6985 789236
260409-1702_16_6 4 400 38.0196 19.4111 0.00226779 38.2096 0.0124996 1.32684 -3600.21 94.6935 796698
260409-1702_16_7 4 400 37.9944 19.4091 0.0019518 38.1845 0.0130824 1.05673 -3571.51 94.0008 785374
260409-1702_16_8 4 400 37.9966 19.4146 0.00222539 38.1865 0.00785741 3.14443 -3587.64 94.4198 796616
260409-1702_16_9 4 400 37.9852 19.4203 0.00138013 38.1749 0.00994821 0.698577 -3567.18 93.9097 794333
260409-1702_17_0 4 400 37.9583 19.4317 0.00275162 38.1476 0.0179509 0.494674 -3570.43 94.0616 778499
260409-1702_17_10 4 400 37.9796 19.421 0.00163299 38.1693 0.00720251 4.15423 -3581.86 94.3098 803343
260409-1702_17_11 4 400 37.9475 19.4236 0.00113389 38.1371 0.0120281 1.43434 -3565.55 93.96 822546
260409-1702_17_12 4 400 37.9846 19.4301 0.00121499 38.1739 0.00754322 2.05495 -3576.04 94.1444 793099
260409-1702_17_1 4 400 37.9736 19.451 0.00305505 38.1623 0.00753247 2.21363 -3613.05 95.1464 789144
260409-1702_17_13 4 400 38.021 19.4286 0.00243975 38.2105 0.00654352 1.48333 -3589.01 94.3953 806247
260409-1702_17_14 4 400 37.9915 19.4344 0.00151186 38.1807 0.00462979 6.32168 -3594.18 94.6033 815713
260409-1702_17_15 4 400 37.9473 19.4484 0.00222539 38.136 0.0126926 1.68865 -3583.1 94.4232 807347
260409-1702_17_16 4 400 37.9393 19.4553 0.00179947 38.1278 0.00974679 2.01027 -3557.02 93.7555 802943
260409-1702_17_17 4 400 38.0164 19.4897 0.00269037 38.2038 0.0109606 1.38826 -3557.76 93.5849 806305
260409-1702_17_18 4 400 37.9839 19.5221 0.00106904 38.1702 0.00744394 3.77431 -3586.1 94.411 815519
260409-1702_17_19 4 400 37.9905 19.5296 0.00293582 38.1765 0.0163528 1.86237 -3569.59 93.96 817607
260409-1702_17_2 4 400 37.9365 19.456 0.00208167 38.125 0.0109626 0.533832 -3557.02 93.7626 784402
260409-1702_1_7 4 400 38.0269 19.435 0.0023094 38.2161 0.0125011 2.90217 -3611.7 94.9776 796936
260409-1702_17_3 4 400 38.0051 19.4106 0.00222539 38.1952 0.00626237 2.46096 -3595.32 94.6008 794606
260409-1702_17_4 4 400 37.9622 19.4189 0.00254484 38.152 0.00861956 0.895912 -3539.94 93.249 797493
260409-1702_17_5 4 400 37.9976 19.4043 0.00213809 38.1879 0.011232 0.935667 -3570.41 93.964 805686
260409-1702_17_6 4 400 38.0034 19.4066 0.00222539 38.1936 0.00990009 2.33282 -3584.92 94.3317 800486
260409-1702_17_7 4 400 37.9404 19.4074 0.00190238 38.1306 0.0110271 1.13805 -3559.97 93.8307 805858
260409-1702_17_8 4 400 37.9355 19.4069 0.00226779 38.1257 0.0156374 0.461856 -3559.37 93.8266 803878
260409-1702_17_9 4 400 37.9759 19.4163 0.000755929 38.1657 0.00833272 0.859458 -3559.71 93.7361 804259
260409-1702_18_0 4 400 37.9775 19.4366 0.00198806 38.1667 0.0101955 1.04216 -3591.89 94.5795 767807
260409-1702_18_10 4 400 37.9822 19.4204 0.00229907 38.1719 0.0134263 1.62631 -3601.18 94.8123 782234
260409-1702_18_11 4 400 37.9754 19.4254 0.00181265 38.1649 0.00725653 3.13733 -3590.87 94.5579 779637
260409-1702_18_12 4 400 37.9214 19.4316 0.00139728 38.1108 0.00989675 0.846853 -3568.38 94.0991 776199
260409-1702_18_1 4 400 37.9718 19.4421 0.00362531 38.1608 0.00827611 2.25761 -3590.35 94.553 758678
260409-1702_18_13 4 400 37.9465 19.4276 0.00276026 38.1359 0.0119247 1.10379 -3571.6 94.122 770349
260409-1702_18_14 4 400 37.9735 19.437 0.002 38.1627 0.0163309 1.16496 -3582.98 94.3546 783892
260409-1702_18_15 4 400 37.9799 19.4496 0.00299205 38.1687 0.0131692 1.33879 -3594.74 94.6483 783479
260409-1702_18_16 4 400 37.9907 19.4569 0.00146385 38.1792 0.012642 0.478346 -3597.06 94.6823 786750
260409-1702_18_17 4 400 38.0293 19.502 0.00152753 38.2163 0.0104256 2.62158 -3619.45 95.1753 791199
260409-1702_18_18 4 400 37.9995 19.5301 0.0019518 38.1854 0.0199012 0.518399 -3577.31 94.1413 798933
260409-1702_18_19 4 400 37.9886 19.5364 0.0020702 38.1744 0.00813445 1.07736 -3566 93.8703 795862
260409-1702_18_2 4 400 37.9184 19.4567 0.00149603 38.1068 0.0154268 2.06886 -3601 94.9672 753236
260409-1702_1_8 4 400 38.0345 19.4367 0.00213809 38.2237 0.00631312 3.95826 -3637.34 95.6327 810561
260409-1702_18_3 4 400 37.9928 19.4114 0.00190238 38.1828 0.0076477 2.18141 -3585.05 94.3613 771699
260409-1702_18_4 4 400 37.9799 19.4109 0.00323669 38.17 0.00867689 2.50091 -3569.67 93.9884 770290
260409-1702_18_5 4 400 37.9794 19.4057 0.00179947 38.1696 0.0077346 3.27349 -3559.05 93.7099 799225
260409-1702_18_6 4 400 37.9795 19.4069 0.00254484 38.1696 0.0163617 1.12682 -3570.82 94.0195 778953
260409-1702_18_7 4 400 37.9414 19.4089 0.00157359 38.1314 0.0150027 1.27844 -3586.33 94.5231 773031
260409-1702_18_8 4 400 37.9892 19.415 0.00251661 38.1791 0.0048273 1.79421 -3578.29 94.1922 789238
260409-1702_18_9 4 400 38.0014 19.4157 0.00179947 38.1913 0.015047 1.12971 -3584.13 94.3155 791195
260409-1702_19_0 4 400 37.9267 19.443 0.00489898 38.1156 0.00891869 1.31181 -3590.65 94.6735 744988
260409-1702_19_10 4 400 37.9995 19.4197 0.000755929 38.1893 0.0129885 1.26731 -3586.42 94.3807 781548
260409-1702_19_11 4 400 38.0118 19.4263 0.00236039 38.2013 0.00967356 3.89785 -3599.32 94.6895 782890
260409-1702_19_12 4 400 37.92 19.428 0.00152753 38.1095 0.00853842 1.47002 -3563.68 93.9789 794196
260409-1702_19_1 4 400 37.9718 19.4537 0.00394606 38.1604 0.00616757 2.01286 -3582.66 94.3505 772515
260409-1702_19_13 4 400 37.9692 19.4284 0.00299205 38.1587 0.0119827 1.70083 -3586.37 94.4548 762758
260409-1702_19_14 4 400 38.0221 19.4413 0.00269037 38.2111 0.00793317 1.988 -3595.29 94.558 787951
260409-1702_19_15 4 400 37.9636 19.4544 0.00190238 38.1522 0.013384 1.36033 -3584.37 94.416 785599
260409-1702_19_16 4 400 37.9417 19.4593 0.00262769 38.1301 0.0145335 1.51359 -3576.95 94.2749 785896
260409-1702_19_17 4 400 37.9548 19.5023 0.00213809 38.1418 0.0155625 0.54784 -3580.47 94.3349 779787
260409-1702_19_18 4 400 37.9584 19.5287 0.00335233 38.1444 0.00959968 1.77548 -3579.64 94.3044 792404
260409-1702_19_19 4 400 37.9803 19.5379 0.00296808 38.166 0.00754078 2.68486 -3580.62 94.2758 796710
260409-1702_19_2 4 400 37.9203 19.4476 0.00547288 38.1091 0.0200483 0.638524 -3571.59 94.1864 777866
260409-1702_1_9 4 400 37.9869 19.4347 0.00138013 38.1762 0.00846032 2.93506 -3565.98 93.8739 797631
260409-1702_19_3 4 400 37.9295 19.4289 0.00254484 38.1189 0.0124079 1.32274 -3583.39 94.475 784455
260409-1702_19_4 4 400 37.9893 19.4089 0.00414039 38.1793 0.00900263 3.40563 -3576.32 94.1404 784824
260409-1702_19_5 4 400 37.9794 19.4051 0.00157359 38.1697 0.0213732 0.525602 -3561.97 93.7865 790474
260409-1702_19_6 4 400 38.02 19.4201 0.00167616 38.2097 0.0101491 0.562396 -3575.6 94.0451 791395
260409-1702_19_7 4 400 38.0113 19.4063 0.00453557 38.2015 0.00699969 1.24715 -3601.5 94.748 784672
260409-1702_19_8 4 400 37.9814 19.4143 0.00242997 38.1713 0.00754974 1.00374 -3586.66 94.4318 779974
260409-1702_19_9 4 400 37.9201 19.4029 0.0019518 38.1104 0.0139602 0.996465 -3566.92 94.0641 787016
260409-1702_20_0 4 400 37.9308 19.4244 0.00377964 38.1204 0.0084243 1.08396 -3571.21 94.1505 755331
260409-1702_20_10 4 400 37.9888 19.4206 0.00276026 38.1785 0.0138885 0.947054 -3568.49 93.9353 784343
260409-1702_20_11 4 400 38.005 19.4277 0.00205866 38.1945 0.0132841 1.00293 -3601.93 94.7749 782547
260409-1702_20_12 4 400 37.9761 19.4316 0.00190238 38.1654 0.00940097 1.02744 -3592.89 94.6094 775167
260409-1702_20_1 4 400 37.9234 19.4554 0.00713809 38.1119 0.0137077 1.0153 -3579.37 94.3843 764996
260409-1702_20_13 4 400 38.0208 19.4367 0.00179947 38.2099 0.00941779 2.19942 -3593.84 94.523 788620
260409-1702_20_14 4 400 37.9624 19.4404 0.00151186 38.1515 0.00909586 1.62507 -3577.44 94.2362 783493
260409-1702_20_15 4 400 37.9325 19.4557 0.00275162 38.121 0.00960059 2.57808 -3579.65 94.3689 782478
260409-1702_20_16 4 400 37.9832 19.4643 0.00275162 38.1715 0.00825773 4.54012 -3606.08 94.9387 779272
260409-1702_20_17 4 400 37.9261 19.5046 0.0009759 38.1129 0.0203318 1.15988 -3569.06 94.1056 783486
260409-1702_20_18 4 400 38.0057 19.5356 0.00276026 38.1915 0.00725331 3.15955 -3593.85 94.5606 788979
260409-1702_20_19 4 400 37.9515 19.5319 0.00254484 38.1374 0.012607 0.744767 -3568.86 94.0374 791428
260409-1702_20_2 4 400 37.9882 19.4353 0.00372891 38.1774 0.00958075 2.47315 -3588.62 94.4666 770483
260409-1702_2_0 4 400 37.9428 19.2656 0.00359894 38.1378 0.00946048 1.51162 -3592.68 94.6867 762763
260409-1702_20_3 4 400 37.9533 19.4347 0.00213809 38.1425 0.00474271 1.96854 -3608.66 95.0816 773586
260409-1702_20_4 4 400 37.9703 19.4074 0.00222539 38.1604 0.0111551 0.637017 -3579.83 94.2796 784233
260409-1702_20_5 4 400 37.9426 19.4003 0.00354562 38.133 0.00983584 2.74814 -3577.25 94.2805 777195
260409-1702_20_6 4 400 37.997 19.4134 0.00222539 38.187 0.0205897 0.722529 -3568.45 93.9136 778475
260409-1702_20_7 4 400 38.0147 19.4089 0.00226779 38.2048 0.0178445 0.469571 -3590.44 94.4486 787603
260409-1702_20_8 4 400 37.9303 19.4127 0.00281154 38.1203 0.0123011 1.7911 -3578.63 94.3475 789821
260409-1702_20_9 4 400 37.9999 19.4071 0.00226779 38.1901 0.0109065 1.12806 -3581.73 94.2562 783916
260409-1702_2_10 4 400 37.9921 19.4473 0.0029277 38.1809 0.00586927 7.10567 -3606.77 94.9348 731124
260409-1702_21_0 4 400 37.9485 19.4253 0.00468025 38.138 0.0199788 0.571778 -3575.1 94.2089 752369
260409-1702_21_10 4 400 37.9637 19.4171 0.00328778 38.1536 0.00752265 3.65957 -3598.04 94.7758 780517
260409-1702_21_11 4 400 38.0031 19.43 0.00191485 38.1925 0.0114012 1.84797 -3584.07 94.31 786819
260409-1702_21_12 4 400 37.9893 19.4339 0.00226779 38.1786 0.00870881 1.48954 -3598.24 94.7171 785091
260409-1702_2_11 4 400 38.007 19.451 0.00282843 38.1957 0.00937488 2.1992 -3590.76 94.4761 740250
260409-1702_21_1 4 400 37.9331 19.4591 0.00751506 38.1215 0.0124498 1.56455 -3600.16 94.9081 791671
260409-1702_21_13 4 400 37.9798 19.435 0.00326599 38.1691 0.0184001 0.641445 -3567.21 93.9237 777734
260409-1702_21_14 4 400 37.971 19.449 0.0023094 38.1597 0.0115971 2.03317 -3594.58 94.6664 795140
260409-1702_21_15 4 400 37.9455 19.459 0.001 38.1338 0.00800932 4.05738 -3604.45 94.9903 793015
260409-1702_21_16 4 400 37.9977 19.4667 0.00213809 38.1858 0.00794506 2.6415 -3584.75 94.3414 793081
260409-1702_21_17 4 400 38.0056 19.5056 0.00269921 38.1924 0.0100654 2.17391 -3579.73 94.1896 800686
260409-1702_21_18 4 400 38.0037 19.543 0.00310913 38.1892 0.0128007 2.12473 -3587.09 94.3879 814096
260409-1702_21_19 4 400 37.9511 19.5386 0.00257275 38.1368 0.0175334 1.91449 -3586.9 94.5135 796738
260409-1702_2_12 4 400 38.0302 19.4564 0.00222539 38.2187 0.0123524 2.12166 -3616.53 95.0962 739724
260409-1702_21_2 4 400 37.9903 19.4364 0.00151186 38.1794 0.0143065 1.30881 -3585.15 94.37 779384
260409-1702_2_1 4 400 37.9682 19.4584 0.00181265 38.1566 0.00946881 4.04054 -3615.94 95.2362 737718
260409-1702_2_13 4 400 37.966 19.4596 0.00190238 38.1544 0.0143731 2.18151 -3588.52 94.5191 733378
260409-1702_21_3 4 400 37.9449 19.451 0.00258199 38.1336 0.00693885 2.79972 -3617.76 95.3424 763993
260409-1702_2_14 4 400 37.9916 19.4587 0.00138013 38.18 0.00819316 2.14958 -3626.99 95.4681 765112
260409-1702_21_4 4 400 37.9598 19.4091 0.00254484 38.1499 0.0109342 2.814 -3593.72 94.6715 777774
260409-1702_2_15 4 400 37.9695 19.4599 0.00254484 38.1579 0.00433873 3.96353 -3609.64 95.0669 739556
260409-1702_21_5 4 400 37.9489 19.4069 0.00226779 38.1391 0.0105524 1.05595 -3575.43 94.2167 760030
260409-1702_2_16 4 400 37.9892 19.4724 0.00171825 38.1771 0.00861757 2.63854 -3642.9 95.8928 734611
260409-1702_21_6 4 400 37.9767 19.414 0.00163299 38.1666 0.0106665 1.10026 -3560.17 93.7462 770994
260409-1702_2_17 4 400 37.9864 19.4789 0.0019518 38.1741 0.0100371 0.726317 -3594.7 94.6311 743961
260409-1702_21_7 4 400 37.9896 19.4077 0.00269037 38.1798 0.0138608 1.19328 -3594.18 94.6094 796716
260409-1702_2_18 4 400 37.953 19.5124 0.00299205 38.1396 0.0181398 1.28149 -3600.92 94.8785 779552
260409-1702_21_8 4 400 37.9831 19.4137 0.00236039 38.173 0.0126336 1.91412 -3575.22 94.1266 798951
260409-1702_2_19 4 400 37.9628 19.5324 0.00359894 38.1487 0.00604518 1.40117 -3588.02 94.5143 786846
260409-1702_21_9 4 400 38.0109 19.415 0.00251661 38.2008 0.0161726 1.74312 -3588.2 94.3993 796228
260409-1702_22_0 4 400 37.975 19.4571 0.00254484 38.1635 0.0082625 2.09828 -3587.18 94.4616 774939
260409-1702_22_10 4 400 37.9871 19.4247 0.00281154 38.1767 0.0121062 2.41066 -3585.42 94.385 790417
260409-1702_22_11 4 400 38.0029 19.4333 0.00269037 38.1922 0.0106956 3.14962 -3602.34 94.7911 782073
260409-1702_22_12 4 400 37.9559 19.4407 0.00354562 38.1449 0.0131497 2.12143 -3567.1 93.9801 786454
260409-1702_22_1 4 400 37.9634 19.4797 0.00138013 38.1511 0.00339715 4.56156 -3612.75 95.164 793041
260409-1702_22_13 4 400 38.0046 19.4453 0.0029277 38.1934 0.0107685 2.59899 -3611.52 95.0286 784553
260409-1702_22_14 4 400 37.9839 19.455 0.0011547 38.1725 0.0145279 1.47917 -3588.32 94.4696 795822
260409-1702_22_15 4 400 37.9641 19.464 0.00223607 38.1523 0.00924052 4.04914 -3612.9 95.1661 777915
260409-1702_22_16 4 400 38.0223 19.4714 0.00190238 38.2102 0.00864956 2.05108 -3577.99 94.1025 796408
260409-1702_22_17 4 400 38.0575 19.5074 0.00293582 38.2443 0.00969219 2.2722 -3582.22 94.1265 796564
260409-1702_22_18 4 400 37.9644 19.5436 0.0021492 38.15 0.0140783 1.62896 -3584.14 94.4079 811597
260409-1702_22_19 4 400 37.9688 19.5454 0.00151186 38.1543 0.0127053 2.02175 -3591.73 94.5968 795957
260409-1702_22_2 4 400 37.9728 19.4373 0.00269037 38.1619 0.0101522 2.4946 -3590.79 94.562 772203
260409-1702_2_2 4 400 37.9519 19.4681 0.00157359 38.14 0.0133972 1.92679 -3613.6 95.215 731879
260409-1702_22_3 4 400 37.949 19.4399 0.00279455 38.138 0.00880464 3.2815 -3590.1 94.6032 784290
260409-1702_22_4 4 400 37.945 19.4194 0.00282 38.1347 0.00519547 2.5466 -3604.93 95.0041 763594
260409-1702_22_5 4 400 37.9802 19.417 0.00360555 38.17 0.014721 0.63445 -3562.1 93.7881 771825
260409-1702_22_6 4 400 37.957 19.4199 0.00167616 38.1468 0.0180933 0.765287 -3558.31 93.7456 772314
260409-1702_22_7 4 400 37.953 19.4169 0.0019518 38.1428 0.00856068 2.82996 -3590.37 94.6005 777076
260409-1702_22_8 4 400 37.9584 19.4161 0.00247848 38.1482 0.0116063 2.01527 -3550.96 93.5486 786494
260409-1702_22_9 4 400 37.9914 19.4191 0.00226779 38.1812 0.0191193 0.913495 -3581.9 94.2818 796144
260409-1702_2_3 4 400 37.9486 19.4553 0.00213809 38.1371 0.00877237 3.18251 -3622.82 95.4665 760656
260409-1702_2_4 4 400 37.9782 19.4541 0.00323669 38.1667 0.0137605 0.959408 -3579.97 94.2636 782975
260409-1702_2_5 4 400 37.9749 19.4319 0.0019518 38.1642 0.00661944 3.41144 -3627.24 95.5169 758420
260409-1702_2_6 4 400 37.9655 19.4304 0.00222539 38.1549 0.0102595 5.2587 -3623.6 95.4444 758431
260409-1702_2_7 4 400 37.9509 19.4353 0.00269037 38.1401 0.0147218 1.22897 -3612.28 95.1828 766233
260409-1702_2_8 4 400 37.9936 19.4381 0.00157359 38.1828 0.0184612 1.78923 -3629.56 95.5306 757216
260409-1702_2_9 4 400 38.0229 19.437 0.00326599 38.2121 0.0118968 1.80409 -3624.44 95.3223 736033
260409-1702_3_0 4 400 37.9597 19.2869 0.00234013 38.1539 0.00659211 5.91011 -3616.11 95.2619 768853
260409-1702_3_10 4 400 38.0172 19.4421 0.00302372 38.2062 0.0123613 2.59513 -3611.4 94.9935 765807
260409-1702_3_11 4 400 37.9839 19.4513 0.00213809 38.1725 0.0233526 0.411364 -3590.05 94.515 742825
260409-1702_3_12 4 400 37.9791 19.4564 0.00222539 38.1676 0.00841773 1.93503 -3579.34 94.245 768089
260409-1702_3_1 4 400 37.9676 19.4587 0.00213809 38.156 0.00721668 4.39902 -3602.01 94.8706 727184
260409-1702_3_13 4 400 38.0345 19.4541 0.00226779 38.2231 0.00567092 1.94593 -3629.02 95.4139 743233
260409-1702_3_14 4 400 37.9749 19.4533 0.00179947 38.1635 0.012854 1.97282 -3613.51 95.1553 767388
260409-1702_3_15 4 400 37.9443 19.461 0.0023094 38.1327 0.00871061 2.09447 -3605.07 95.0094 767591
260409-1702_3_16 4 400 37.9245 19.4701 0.00254484 38.1125 0.0150143 0.763984 -3583.23 94.4831 732443
260409-1702_3_17 4 400 37.9851 19.48 0.00163299 38.1728 0.00157827 4.89969 -3608.78 95.0051 779394
260409-1702_3_18 4 400 37.954 19.5144 0.00151186 38.1405 0.0146119 1.30018 -3581.08 94.3532 763654
260409-1702_3_19 4 400 38.0192 19.5304 0.00276026 38.2052 0.00990487 3.56415 -3610.27 94.959 785614
260409-1702_3_2 4 400 37.9854 19.4689 0.0020354 38.1734 0.00817239 3.99256 -3616.62 95.2108 756166
260409-1702_3_3 4 400 37.9848 19.4547 0.00269037 38.1734 0.0121522 1.43178 -3588.81 94.4801 735510
260409-1702_3_4 4 400 37.9734 19.4473 0.00335233 38.1622 0.00929163 2.79066 -3637.26 95.7845 749602
260409-1702_3_5 4 400 37.9713 19.4319 0.0019518 38.1606 0.0128352 1.86426 -3580.61 94.2977 763407
260409-1702_3_6 4 400 37.9775 19.4279 0.00254484 38.1669 0.0106284 1.66362 -3607.11 94.9802 729429
260409-1702_3_7 4 400 37.9946 19.4381 0.00323669 38.1837 0.00789393 2.40765 -3580.19 94.2289 737570
260409-1702_3_8 4 400 37.9897 19.4373 0.00335233 38.1789 0.0115485 1.65277 -3577.26 94.1637 739811
260409-1702_3_9 4 400 37.9984 19.431 0.00326599 38.1878 0.0102088 1.26336 -3592.86 94.5528 746466
260409-1702_4_0 4 400 37.9276 19.3017 0.00269037 38.1214 0.00823769 0.77081 -3587.73 94.5942 737812
260409-1702_4_10 4 400 38.0108 19.4444 0.00222539 38.1997 0.0076607 3.95914 -3598.06 94.6589 751259
260409-1702_4_11 4 400 37.9313 19.4493 0.00213809 38.12 0.0162441 1.19018 -3577.2 94.3071 732547
260409-1702_4_12 4 400 37.9818 19.453 0.0023094 38.1704 0.011138 0.790699 -3572.91 94.0688 753942
260409-1702_4_1 4 400 37.9198 19.4579 0.00157359 38.1082 0.0145624 0.963294 -3589.63 94.6636 738967
260409-1702_4_13 4 400 38.0184 19.453 0.00326599 38.207 0.00984781 2.63539 -3604.36 94.8056 743477
260409-1702_4_14 4 400 37.9651 19.4541 0.00157359 38.1537 0.0136349 1.81446 -3597.15 94.7487 757298
260409-1702_4_15 4 400 37.9601 19.4619 0.00226779 38.1484 0.0103555 1.13165 -3602.03 94.8899 772860
260409-1702_4_16 4 400 37.9928 19.4681 0.00106904 38.1809 0.0114319 1.98824 -3603.51 94.8473 761631
260409-1702_4_17 4 400 37.9493 19.4784 0.0021492 38.137 0.0183228 0.819001 -3601.1 94.8924 762531
260409-1702_4_18 4 400 37.996 19.5114 0.00161835 38.1826 0.013421 1.40189 -3581.22 94.2524 768323
260409-1702_4_19 4 400 38.0017 19.5296 0.00276026 38.1877 0.00996116 1.76948 -3599.73 94.7256 788481
260409-1702_4_2 4 400 37.9471 19.4673 0.00213809 38.1352 0.00975169 2.15414 -3594.43 94.722 714649
260409-1702_4_3 4 400 37.9796 19.4559 0.00279455 38.1681 0.00631833 4.18892 -3614.47 95.1686 734708
260409-1702_4_4 4 400 37.9498 19.445 0.00305505 38.1386 0.0147535 0.775673 -3595.84 94.7525 759709
260409-1702_4_5 4 400 38.0085 19.4321 0.00323669 38.1978 0.0106995 0.770618 -3600.3 94.7235 735731
260409-1702_4_6 4 400 37.9778 19.4296 0.00276026 38.1671 0.0119871 2.64188 -3612.87 95.1312 742283
260409-1702_4_7 4 400 38.0145 19.4294 0.00399404 38.2039 0.0114365 2.26996 -3615.36 95.105 763515
260409-1702_4_8 4 400 37.9666 19.4393 0.00269037 38.1557 0.0115293 2.39416 -3599.85 94.816 749763
260409-1702_4_9 4 400 37.9813 19.4324 0.00222539 38.1706 0.00591084 3.80704 -3577.98 94.2035 767296
260409-1702_5_0 4 400 37.9348 19.32 0.00305505 38.128 0.00799343 3.21728 -3604.81 95.0263 764136
260409-1702_5_10 4 400 38.0044 19.4416 0.00222539 38.1934 0.00608693 1.18667 -3584.87 94.3275 779509
260409-1702_5_11 4 400 37.9352 19.4461 0.00254484 38.124 0.0184899 0.863161 -3570.71 94.1264 744715
260409-1702_5_12 4 400 37.9658 19.4496 0.00151186 38.1546 0.00850577 2.18524 -3569.29 94.0132 745306
260409-1702_5_1 4 400 37.9956 19.465 0.00163299 38.1838 0.0110179 0.64473 -3594.23 94.5959 780515
260409-1702_5_13 4 400 38.0221 19.4473 0.00179947 38.2109 0.0120009 2.15975 -3605.97 94.8389 772640
260409-1702_5_14 4 400 37.9285 19.4481 0.00254484 38.1173 0.0155535 0.378994 -3569.65 94.1151 745255
260409-1702_5_15 4 400 37.9757 19.4567 0.00138013 38.1641 0.0106309 2.6133 -3577.61 94.208 745626
260409-1702_5_16 4 400 37.9408 19.4664 0.00151186 38.1289 0.012043 0.968315 -3582.41 94.4212 794173
260409-1702_5_17 4 400 37.9538 19.4789 0.00146385 38.1415 0.0113248 0.996519 -3604.08 94.9597 785089
260409-1702_5_18 4 400 37.9801 19.5147 0.00242997 38.1666 0.0152104 1.45172 -3588.86 94.4932 792194
260409-1702_5_19 4 400 37.9756 19.5287 0.00179947 38.1617 0.00849719 4.04011 -3602.95 94.8753 786892
260409-1702_5_2 4 400 37.9542 19.4673 0.00179947 38.1423 0.00553886 2.55525 -3569.45 94.0463 760407
260409-1702_5_3 4 400 37.9795 19.4556 0.00190238 38.168 0.00995169 2.44876 -3624.48 95.4324 750831
260409-1702_5_4 4 400 37.9768 19.4427 0.00138013 38.1657 0.0103676 1.82131 -3592 94.584 746252
260409-1702_5_5 4 400 38.0134 19.4316 0.00151186 38.2028 0.0104304 2.38475 -3592.47 94.5053 779279
260409-1702_5_6 4 400 37.9156 19.4279 0.00106904 38.105 0.00487854 1.2514 -3587.81 94.6263 771660
260409-1702_5_7 4 400 37.9635 19.431 0.00258199 38.1529 0.00875765 0.713951 -3609.55 95.0793 750122
260409-1702_5_8 4 400 37.9905 19.4359 0.00254484 38.1797 0.0112568 3.05509 -3619.05 95.2618 772206
260409-1702_5_9 4 400 37.9999 19.4253 0.00242997 38.1895 0.0175242 1.01042 -3604.1 94.845 743379
260409-1702_6_0 4 400 37.9601 19.3343 0.00242997 38.1528 0.0113695 3.73043 -3602.13 94.8922 772142
260409-1702_6_10 4 400 37.9506 19.4364 0.00299205 38.1398 0.00714511 1.60042 -3579.73 94.3261 766701
260409-1702_6_11 4 400 37.9353 19.4399 0.00445079 38.1243 0.00680904 2.31036 -3605.98 95.0562 767788
260409-1702_6_12 4 400 37.9762 19.4479 0.00157359 38.1649 0.0138824 0.719418 -3565.36 93.8841 771773
260409-1702_6_1 4 400 37.9609 19.4627 0.00213809 38.1492 0.0118094 1.41641 -3585.75 94.4589 769539
260409-1702_6_13 4 400 38.0096 19.447 0.0023094 38.1984 0.00923087 0.959169 -3601.51 94.7527 762045
260409-1702_6_14 4 400 37.953 19.4461 0.00279455 38.1418 0.0129627 1.10662 -3595.33 94.7312 768386
260409-1702_6_15 4 400 37.9609 19.4544 0.00190238 38.1495 0.00916796 1.18792 -3583.48 94.3991 768277
260409-1702_6_16 4 400 37.9813 19.4619 0.00226779 38.1696 0.00395679 3.99364 -3587.75 94.4608 781042
260409-1702_6_17 4 400 37.9734 19.4783 0.00269037 38.1611 0.0142094 1.24291 -3601.54 94.8437 790105
260409-1702_6_18 4 400 37.9494 19.5127 0.00179947 38.1359 0.00831627 0.901475 -3567.71 94.0123 785970
260409-1702_6_19 4 400 37.9712 19.5281 0.00157359 38.1572 0.0130929 1.16314 -3614.26 95.1843 786584
260409-1702_6_2 4 400 38.0176 19.4641 0.00157359 38.2058 0.0105937 3.65612 -3602.16 94.7497 776374
260409-1702_6_3 4 400 37.9781 19.4533 0.00354562 38.1666 0.0117081 1.58845 -3596.46 94.6983 737944
260409-1702_6_4 4 400 37.9866 19.446 0.00141421 38.1755 0.0127523 1.30343 -3570.22 93.9862 734060
260409-1702_6_5 4 400 37.9975 19.4327 0.000755929 38.1867 0.0161742 1.01802 -3596.51 94.6515 747111
260409-1702_6_6 4 400 37.9192 19.4229 0.00146385 38.1088 0.00883656 1.55875 -3593.13 94.7575 742753
260409-1702_6_7 4 400 37.9258 19.4247 0.00335233 38.1154 0.0145992 1.71189 -3605.73 95.0732 754867
260409-1702_6_8 4 400 37.9678 19.4319 0.00254484 38.1571 0.0159755 0.472383 -3579.12 94.267 770005
260409-1702_6_9 4 400 37.956 19.4273 0.00213809 38.1455 0.0114889 1.49161 -3615.64 95.2585 749960
260409-1702_7_0 4 400 37.9889 19.3459 0.0019518 38.1811 0.0136686 1.66275 -3591.59 94.5433 748172
260409-1702_7_10 4 400 37.9897 19.4353 0.00138013 38.1789 0.00970394 2.1234 -3571.24 94.0055 769545
260409-1702_7_11 4 400 37.9834 19.4433 0.00269037 38.1723 0.0152196 1.06499 -3590.81 94.5363 753892
260409-1702_7_12 4 400 38.0149 19.4484 0.00222539 38.2036 0.00989188 2.44206 -3592.73 94.5085 735610
260409-1702_7_1 4 400 37.9735 19.461 0.00305505 38.1618 0.0154771 2.52727 -3620.16 95.334 744133
260409-1702_7_13 4 400 37.9696 19.4427 0.00179947 38.1585 0.00830176 3.19108 -3590.32 94.5578 748566
260409-1702_7_14 4 400 38.0054 19.445 0.00163299 38.1942 0.013453 0.776499 -3591.65 94.5035 733186
260409-1702_7_15 4 400 37.9642 19.4524 0.00222539 38.1528 0.0123144 1.5395 -3607.52 95.0242 774562
260409-1702_7_16 4 400 37.9945 19.4593 0.00269037 38.1829 0.0101175 0.928792 -3583.87 94.3258 785709
260409-1702_7_17 4 400 37.9952 19.4747 0.00197605 38.183 0.00496103 5.65024 -3610.33 95.0206 773323
260409-1702_7_18 4 400 37.9866 19.5121 0.00106904 38.1731 0.015128 1.445 -3586.26 94.4086 770126
260409-1702_7_19 4 400 38.0082 19.5244 0.00340867 38.1944 0.0102279 3.91356 -3615.9 95.1346 785770
260409-1702_7_2 4 400 37.9567 19.4606 0.00243975 38.1451 0.00960458 1.43536 -3591.9 94.6314 733905
260409-1702_7_3 4 400 37.981 19.4473 0.00354562 38.1698 0.00933981 3.24394 -3577.59 94.194 737616
260409-1702_7_4 4 400 37.9787 19.4396 0.00222539 38.1678 0.0110155 1.05632 -3578.74 94.2301 736957
260409-1702_7_5 4 400 37.99 19.4351 0.000899735 38.1792 0.00790302 3.18655 -3604.36 94.8764 745841
260409-1702_7_6 4 400 37.9587 19.4223 0.00160357 38.1483 0.0132538 0.932622 -3595.22 94.714 775440
260409-1702_7_7 4 400 37.975 19.4239 0.00226779 38.1646 0.0107266 2.38885 -3594.09 94.6435 740562
260409-1702_7_8 4 400 37.9868 19.4279 0.00157359 38.1763 0.016477 0.558123 -3571.41 94.0171 746246
260409-1702_7_9 4 400 38.0091 19.423 0.00163299 38.1987 0.0123844 1.39493 -3604.41 94.8302 748760
260409-1702_8_0 4 400 37.9741 19.357 0.0023094 38.1659 0.0116593 3.22631 -3597.13 94.7258 801683
260409-1702_8_10 4 400 38.0126 19.4364 0.00222539 38.2017 0.00923726 3.10033 -3604.05 94.8122 808278
260409-1702_8_11 4 400 37.9865 19.4419 0.00226779 38.1754 0.00835258 1.05836 -3562.4 93.7807 807570
260409-1702_8_12 4 400 38.0105 19.4416 0.00190238 38.1995 0.00715163 3.31075 -3606.41 94.8792 804656
260409-1702_8_1 4 400 37.9637 19.4623 0.00402965 38.152 0.00782935 1.66773 -3585.71 94.4511 794969
260409-1702_8_13 4 400 37.9688 19.4401 0.00157359 38.1578 0.00624071 4.3878 -3583.84 94.3893 806351
260409-1702_8_14 4 400 38.0136 19.441 0 38.2026 0.0128397 1.13064 -3586.96 94.36 814434
260409-1702_8_15 4 400 37.9615 19.4484 0.00293582 38.1502 0.0149889 1.6878 -3580.16 94.3103 811610
260409-1702_8_16 4 400 37.9923 19.4563 0.00149603 38.1808 0.0078151 2.6735 -3575.8 94.119 829757
260409-1702_8_17 4 400 38.002 19.477 0.00163299 38.1898 0.011314 2.09073 -3594.89 94.5973 837323
260409-1702_8_18 4 400 37.9441 19.5113 0.00213809 38.1307 0.0132694 1.00637 -3567.55 94.0213 832693
260409-1702_8_19 4 400 38.0296 19.525 0.00163299 38.2157 0.00791593 2.2992 -3571.77 93.9208 830218
260409-1702_8_2 4 400 37.9223 19.4617 0.00205866 38.1106 0.010633 1.37795 -3592.59 94.7354 803181
260409-1702_8_3 4 400 37.9419 19.4441 0.00302372 38.1308 0.0112617 0.771982 -3565.69 93.9776 809132
260409-1702_8_4 4 400 37.9518 19.4401 0.0019518 38.1408 0.00731626 5.40879 -3597.01 94.7785 793661
260409-1702_8_5 4 400 37.9338 19.4304 0.0009759 38.1232 0.00912207 3.83592 -3594.07 94.746 801914
260409-1702_8_6 4 400 38.0135 19.4204 0.00151186 38.2032 0.00737958 3.21025 -3619.07 95.2051 799515
260409-1702_8_7 4 400 37.992 19.422 0.00173205 38.1816 0.0116907 1.80233 -3578.35 94.187 801821
260409-1702_8_8 4 400 37.9991 19.4284 0.00151186 38.1885 0.00903165 1.83758 -3586.79 94.3914 811989
260409-1702_8_9 4 400 37.9296 19.4213 0.00138013 38.1192 0.0121454 1.61726 -3583.63 94.4812 814054
260409-1702_9_0 4 400 37.9717 19.365 0.002 38.1633 0.00934496 2.60673 -3595.5 94.6889 784399
260409-1702_9_10 4 400 37.99 19.4316 0.00190238 38.1793 0.00772392 2.89868 -3585.5 94.3802 798809
260409-1702_9_11 4 400 37.9716 19.4376 0.00190238 38.1607 0.0107903 1.68247 -3580.1 94.2834 806767
260409-1702_9_12 4 400 37.9907 19.4413 0.00269037 38.1797 0.0140645 1.56264 -3591.21 94.5289 805261
260409-1702_9_1 4 400 38.0302 19.459 0.002 38.2186 0.00859599 3.05752 -3621.43 95.225 779616
260409-1702_9_13 4 400 37.9805 19.4373 0.00213809 38.1696 0.00831696 1.1624 -3584.19 94.3692 810078
260409-1702_9_14 4 400 38.0151 19.4396 0.00151186 38.2041 0.00980491 1.80133 -3591.09 94.4647 816393
260409-1702_9_15 4 400 38.0148 19.4464 0.00243975 38.2036 0.0111751 2.24596 -3599.14 94.6773 820518
260409-1702_9_16 4 400 37.969 19.4541 0.0019518 38.1576 0.0073547 2.14554 -3567.47 93.9573 827140
260409-1702_9_17 4 400 37.9936 19.475 0.00208167 38.1814 0.0130821 1.19642 -3563.29 93.7868 828924
260409-1702_9_18 4 400 38.0582 19.5139 0.0019518 38.2447 0.0128934 1.43731 -3582.17 94.1234 831965
260409-1702_9_19 4 400 38.0284 19.527 0.00282843 38.2144 0.00906117 0.998784 -3584.01 94.2456 833065
260409-1702_9_2 4 400 37.9255 19.4581 0.00226779 38.1139 0.00564455 4.22384 -3604.68 95.0465 796604
260409-1702_9_3 4 400 37.9952 19.4379 0.00323669 38.1843 0.00664489 2.61982 -3581.61 94.2648 791830
260409-1702_9_4 4 400 37.9045 19.4399 0.0019518 38.0935 0.00959641 2.19289 -3588.11 94.6617 792994
260409-1702_9_5 4 400 37.9756 19.4281 0.00157359 38.165 0.00770779 1.72794 -3558.18 93.6965 800172
260409-1702_9_6 4 400 38.0198 19.418 0.00173205 38.2096 0.0109523 0.845361 -3598.25 94.6415 791132
260409-1702_9_7 4 400 37.9495 19.4236 0.00222539 38.1391 0.0118448 1.65674 -3588.12 94.5498 798380
260409-1702_9_8 4 400 38.0001 19.4239 0.00226779 38.1897 0.0195072 1.16595 -3584.95 94.3402 797657
260409-1702_9_9 4 400 37.977 19.4261 0.0019518 38.1665 0.0141563 0.735248 -3595.38 94.6723 792389
