250821-1301_0_0 4 400 37.7479 23.3507 0.00188982 37.804 0.0167039 0.103625 -3505.47 92.865
250821-1301_0_10 4 400 37.7083 23.5143 0.00731925 37.7588 0.027671 0.0977943 -3473.82 92.1235
250821-1301_0_11 4 400 37.7654 23.8926 0.00677882 37.8031 0.0201359 0.128702 -3482.88 92.2239
250821-1301_0_12 4 400 37.7519 23.7363 0.00604743 37.7949 0.0278101 0.150043 -3475.99 92.0742
250821-1301_0_1 4 400 37.7022 23.6591 0.00226779 37.7478 0.0342193 0.110564 -3514.02 93.2038
250821-1301_0_13 4 400 37.7242 23.2886 0.00475595 37.7824 0.0254655 0.116456 -3476.89 92.1659
250821-1301_0_14 4 400 37.6819 23.1257 0.00607493 37.7456 0.0254377 0.148986 -3462.57 91.889
250821-1301_0_15 4 400 37.7657 23.5843 0.00607493 37.8139 0.0218415 0.320577 -3478.34 92.1029
250821-1301_0_16 4 400 37.7028 23.605 0.00408248 37.7502 0.00765832 0.773101 -3477.87 92.2443
250821-1301_0_17 4 400 37.6569 23.2447 0.00579409 37.7166 0.0291887 0.196533 -3476.6 92.3228
250821-1301_0_18 4 400 37.74 23.6129 0.00393398 37.7872 0.0164604 0.275308 -3467.27 91.8724
250821-1301_0_19 4 400 37.679 23.5943 0.00534522 37.7268 0.0346443 0.044321 -3474.92 92.2235
250821-1301_0_2 4 400 37.7236 23.4069 0.00414039 37.7778 0.0140038 0.268684 -3488.79 92.4829
250821-1301_0_3 4 400 37.7396 23.1323 0.00213809 37.8031 0.0320854 0.0861795 -3538.7 93.7659
250821-1301_0_4 4 400 37.678 23.5857 0.00534522 37.7261 0.0153888 0.184745 -3477.24 92.2883
250821-1301_0_5 4 400 37.6988 23.9507 0.00188982 37.7345 0.0273934 0.0869077 -3491.57 92.6171
250821-1301_0_6 4 400 37.7456 23.235 0.00408248 37.8057 0.00347683 1.63735 -3534.31 93.6348
250821-1301_0_7 4 400 37.6917 23.4807 0.00188982 37.7434 0.0270719 0.125479 -3455.08 91.667
250821-1301_0_8 4 400 37.739 23.8436 0.00475595 37.7783 0.0139213 0.147882 -3475.51 92.0934
250821-1301_0_9 4 400 37.7629 23.7029 0.0048795 37.8071 0.0239861 0.218489 -3489.19 92.3968
250821-1301_10_0 4 400 37.6917 23.4836 0.00475595 37.7432 0.0127572 1.67704 -3491.8 92.641
250821-1301_10_10 4 400 37.7594 23.7707 0.00188982 37.8012 0.0135917 0.819257 -3544.08 93.8596
250821-1301_10_11 4 400 37.7122 23.4636 0.00556349 37.7645 0.0270172 0.14435 -3466.15 91.9102
250821-1301_10_12 4 400 37.7189 23.7707 0.00188982 37.7607 0.0173295 0.216999 -3472.83 92.0713
250821-1301_10_1 4 400 37.7018 23.2484 0.00489412 37.7614 0.0201727 0.175509 -3471.47 92.0768
250821-1301_10_13 4 400 37.6842 23.5443 0.00449868 37.7337 0.0207731 0.11946 -3482.78 92.42
250821-1301_10_14 4 400 37.7352 23.3127 0.00561885 37.7926 0.0262154 0.142352 -3460.41 91.7019
250821-1301_10_15 4 400 37.6949 23.3086 0.00377964 37.7524 0.03865 0.0308452 -3465.52 91.9353
250821-1301_10_16 4 400 37.7363 23.6786 0.00475595 37.7812 0.0190391 0.275319 -3541.52 93.8489
250821-1301_10_17 4 400 37.6867 23.5207 0.00188982 37.737 0.0244489 0.0421288 -3472.48 92.1409
250821-1301_10_18 4 400 37.7161 23.314 0.00447214 37.7735 0.0165897 0.393228 -3483.54 92.3619
250821-1301_10_19 4 400 37.6904 23.6629 0.00393398 37.7359 0.0215709 0.110772 -3484.97 92.4625
250821-1301_10_2 4 400 37.7576 23.6299 0.00260951 37.8042 0.0264708 0.177976 -3496.8 92.6118
250821-1301_1_0 4 400 37.7125 23.3521 0.00267261 37.7685 0.0314056 0.0581511 -3516.37 93.2414
250821-1301_10_3 4 400 37.6703 23.2771 0.00566947 37.7289 0.0203924 0.203958 -3480.56 92.3951
250821-1301_10_4 4 400 37.6954 23.7686 0.00377964 37.7372 0.0228041 0.110423 -3535.08 93.7801
250821-1301_10_5 4 400 37.7023 24.125 0.005 37.7321 0.0163801 0.278611 -3497.64 92.7696
250821-1301_10_6 4 400 37.6953 23.5236 0.00377964 37.7455 0.0251668 0.100163 -3475.97 92.2117
250821-1301_10_7 4 400 37.7322 23.6214 0.00243975 37.779 0.0219018 0.0817737 -3484.21 92.3406
250821-1301_10_8 4 400 37.7145 23.5697 0.00449868 37.7631 0.0305954 0.0765236 -3450.4 91.4873
250821-1301_10_9 4 400 37.704 23.9321 0.00698638 37.7403 0.0225639 0.0556647 -3488.31 92.518
250821-1301_1_10 4 400 37.7591 23.5214 0.00243975 37.8094 0.0217366 0.322862 -3506.25 92.8583
250821-1301_11_0 4 400 37.7237 23.4899 0.00260951 37.7751 0.0198134 0.137431 -3513.4 93.1348
250821-1301_11_10 4 400 37.7321 23.7786 0.00626783 37.7736 0.0211238 0.640664 -3558.01 94.2967
250821-1301_11_11 4 400 37.7379 23.5121 0.00393398 37.7884 0.0157636 0.244523 -3511.12 93.0396
250821-1301_11_12 4 400 37.7123 23.7764 0.00243975 37.7539 0.0191967 0.275724 -3481.19 92.3088
250821-1301_1_11 4 400 37.7575 23.8429 0.00267261 37.7968 0.013599 0.484038 -3498.8 92.6649
250821-1301_11_1 4 400 37.6955 23.2729 0.00393398 37.7542 0.0243241 0.223196 -3468.89 92.0237
250821-1301_11_13 4 400 37.6833 23.4799 0.00318479 37.735 0.0343289 0.0728927 -3465.6 91.9658
250821-1301_11_14 4 400 37.686 23.3329 0.00755929 37.7426 0.0215126 0.26083 -3471.52 92.1169
250821-1301_11_15 4 400 37.7327 23.29 0.00288675 37.7909 0.0258156 0.0609205 -3476.08 92.1233
250821-1301_11_16 4 400 37.7486 23.6893 0.00188982 37.7931 0.0180888 0.133862 -3543.57 93.8731
250821-1301_11_17 4 400 37.7108 23.445 0.00707107 37.7637 0.0278703 0.0867664 -3467.15 91.9405
250821-1301_11_18 4 400 37.706 23.3329 0.0048795 37.7627 0.0184452 0.994126 -3539.35 93.8668
250821-1301_11_19 4 400 37.753 22.9521 0.00267261 37.8226 0.0241126 0.134956 -3533.9 93.6057
250821-1301_1_12 4 400 37.7337 23.7497 0.00534522 37.7762 0.0319218 0.0873769 -3466.33 91.8625
250821-1301_11_2 4 400 37.7081 23.6464 0.00377964 37.7541 0.0202 0.131968 -3469.34 92.005
250821-1301_1_1 4 400 37.7514 23.715 0.00912871 37.7951 0.0168964 0.295881 -3503.58 92.8064
250821-1301_1_13 4 400 37.75 23.3279 0.00809174 37.8069 0.0204789 0.205767 -3477.11 92.1088
250821-1301_11_3 4 400 37.6761 23.4457 0.00731925 37.7289 0.014839 0.726346 -3464.84 91.964
250821-1301_1_14 4 400 37.704 23.1371 0.00755929 37.7673 0.0275436 0.0669998 -3458.81 91.7357
250821-1301_11_4 4 400 37.6666 23.7729 0.00393398 37.7083 0.0225806 0.0987911 -3533.4 93.8071
250821-1301_1_15 4 400 37.7287 23.5604 0.00304725 37.7777 0.0221525 0.240717 -3475.98 92.131
250821-1301_11_5 4 400 37.7139 24.0593 0.00188982 37.7459 0.0256501 0.23096 -3489.1 92.515
250821-1301_1_16 4 400 37.7563 23.6221 0.00566947 37.8031 0.0198952 0.433636 -3510.67 92.9823
250821-1301_11_6 4 400 37.6749 23.5414 0.00556349 37.7245 0.0271219 0.0586613 -3482.73 92.4413
250821-1301_1_17 4 400 37.6868 23.2943 0.00449868 37.7448 0.0121403 1.13469 -3478.81 92.3085
250821-1301_11_7 4 400 37.7285 23.6554 0.00457738 37.7742 0.0157749 0.317603 -3483.1 92.3202
250821-1301_1_18 4 400 37.782 23.6264 0.00475595 37.8287 0.0176819 0.150085 -3484.07 92.2148
250821-1301_11_8 4 400 37.6994 23.5814 0.00377964 37.7476 0.0271753 0.16022 -3476.93 92.2276
250821-1301_1_19 4 400 37.7487 23.5429 0.00636209 37.7983 0.0226554 0.0983969 -3522.65 93.3181
250821-1301_11_9 4 400 37.703 23.9043 0.00534522 37.7403 0.0176379 0.161041 -3497.92 92.7755
250821-1301_12_0 4 400 37.7432 23.5279 0.00755929 37.7933 0.0180404 0.270099 -3468.65 91.9011
250821-1301_12_10 4 400 37.7432 23.6964 0.00475595 37.7875 0.0290039 0.119457 -3497.75 92.6721
250821-1301_12_11 4 400 37.7305 23.5207 0.00188982 37.7808 0.0125543 1.01165 -3486.11 92.395
250821-1301_12_12 4 400 37.6757 23.1236 0.00475595 37.7395 0.0265736 0.167339 -3465.94 91.9943
250821-1301_12_1 4 400 37.7008 23.2829 0.00566947 37.7592 0.0204339 0.152934 -3489.59 92.5599
250821-1301_12_13 4 400 37.7694 23.4939 0.00530498 37.8206 0.0289882 0.0744242 -3493.95 92.5073
250821-1301_12_14 4 400 37.6715 23.3071 0.0048795 37.729 0.0262371 0.119111 -3463.7 91.9448
250821-1301_12_15 4 400 37.7031 23.3021 0.0048795 37.7608 0.0251819 0.0952373 -3463.9 91.8731
250821-1301_12_16 4 400 37.6843 23.7414 0.00852168 37.7271 0.0140417 0.397984 -3481.21 92.3781
250821-1301_12_17 4 400 37.6913 23.4614 0.00852168 37.7436 0.0327525 0.105153 -3473.94 92.1682
250821-1301_12_18 4 400 37.7037 23.3371 0.00393398 37.7602 0.0293061 0.265103 -3517.45 93.2915
250821-1301_12_19 4 400 37.6866 22.9607 0.00607493 37.7559 0.0224476 0.110211 -3476.65 92.2516
250821-1301_12_2 4 400 37.7324 23.6404 0.00492805 37.7786 0.0195035 0.146604 -3507.41 92.9544
250821-1301_1_2 4 400 37.7242 23.41 0 37.7782 0.0166831 0.18128 -3484.34 92.3635
250821-1301_12_3 4 400 37.7221 23.4536 0.00475595 37.7747 0.00842794 0.134436 -3497.59 92.7198
250821-1301_12_4 4 400 37.7236 23.8436 0.00377964 37.7629 0.00917952 1.31349 -3500.83 92.802
250821-1301_12_5 4 400 37.7765 24.06 0 37.8084 0.021701 0.145618 -3489.85 92.3813
250821-1301_12_6 4 400 37.7397 23.4799 0.00659365 37.7914 0.0330454 0.141267 -3491.49 92.5145
250821-1301_12_7 4 400 37.6752 23.6643 0.00449868 37.7206 0.027424 0.115642 -3469.06 92.0774
250821-1301_12_8 4 400 37.6681 23.5626 0.00377964 37.7169 0.0195185 0.51288 -3466.35 92.0235
250821-1301_12_9 4 400 37.7694 23.91 0 37.8064 0.0230397 0.191442 -3547.37 93.922
250821-1301_13_0 4 400 37.7248 23.545 0.005 37.7742 0.0220169 0.109517 -3460.13 91.7199
250821-1301_13_10 4 400 37.7545 23.7064 0.00556349 37.7985 0.0277239 0.0634947 -3546.84 93.9443
250821-1301_13_11 4 400 37.6976 23.5186 0.00243975 37.7479 0.0107248 0.211945 -3478.44 92.2722
250821-1301_13_12 4 400 37.7735 23.1293 0.00188982 37.8371 0.0164837 0.419256 -3540.27 93.7236
250821-1301_13_1 4 400 37.6927 23.2693 0.00188982 37.7515 0.0181095 0.144285 -3474.31 92.1744
250821-1301_13_13 4 400 37.738 23.5593 0.00188982 37.787 0.0200182 0.177474 -3471.98 92.002
250821-1301_13_14 4 400 37.7017 23.3136 0.00626783 37.759 0.0229399 0.127924 -3467.15 91.9625
250821-1301_13_15 4 400 37.7019 23.3421 0.00393398 37.7583 0.0291314 0.0703643 -3455.3 91.6475
250821-1301_13_16 4 400 37.743 23.7629 0.00755929 37.785 0.0173438 0.183963 -3468.33 91.8933
250821-1301_13_17 4 400 37.7271 23.56 0 37.776 0.0242923 0.0910647 -3458.67 91.6759
250821-1301_13_18 4 400 37.713 23.3421 0.00267261 37.7694 0.0243289 0.083175 -3478.76 92.2431
250821-1301_13_19 4 400 37.6926 22.987 0.00544671 37.761 0.0229462 0.153797 -3466.43 91.9657
250821-1301_13_2 4 400 37.7357 23.6554 0.00457738 37.7815 0.0129738 0.356964 -3493.96 92.5901
250821-1301_1_3 4 400 37.6659 23.185 0.0057735 37.7276 0.0301728 0.145499 -3458.15 91.8108
250821-1301_13_3 4 400 37.7119 23.37 0.0057735 37.7673 0.025875 0.0836686 -3490.09 92.5461
250821-1301_13_4 4 400 37.6854 23.8529 0.00267261 37.7244 0.0186805 0.302704 -3514.94 93.2704
250821-1301_13_5 4 400 37.7603 23.0429 0.00636209 37.8269 0.0331414 0.170544 -3495.99 92.5827
250821-1301_13_6 4 400 37.7357 23.4983 0.00579409 37.7868 0.0255891 0.0669883 -3517.08 93.2027
250821-1301_13_7 4 400 37.6858 23.6311 0.0019518 37.7323 0.0215471 0.159137 -3537.39 93.8651
250821-1301_13_8 4 400 37.6805 23.5681 0.00717469 37.7292 0.0281236 0.202977 -3484.57 92.4763
250821-1301_13_9 4 400 37.7053 23.9836 0.00475595 37.7399 0.0145167 0.277494 -3475.85 92.1846
250821-1301_14_0 4 400 37.7269 23.5086 0.00377964 37.7776 0.0172617 0.0414936 -3461.72 91.7573
250821-1301_14_10 4 400 37.7568 23.8057 0.00449868 37.7974 0.0265111 0.119147 -3521.91 93.2784
250821-1301_14_11 4 400 37.6852 23.52 3.83737e-15 37.7355 0.0223484 0.0738441 -3465.1 91.9482
250821-1301_14_12 4 400 37.7086 23.1554 0.00457738 37.7713 0.0260162 0.0697102 -3471 92.0477
250821-1301_14_1 4 400 37.6955 23.2707 0.00188982 37.7543 0.0284109 0.0632877 -3467.47 91.9859
250821-1301_14_13 4 400 37.6949 23.5784 0.00879123 37.7433 0.0242505 0.177089 -3474.42 92.1717
250821-1301_14_14 4 400 37.6923 23.4733 0.00549892 37.7442 0.00465266 3.42812 -3482.51 92.3931
250821-1301_14_15 4 400 37.743 23.3579 0.00636209 37.7988 0.0269024 0.158829 -3491.71 92.5125
250821-1301_14_16 4 400 37.751 23.7114 0.00377964 37.7948 0.0122447 0.315345 -3487.33 92.3769
250821-1301_14_17 4 400 37.7106 23.5693 0.00449868 37.7592 0.0314208 0.0559063 -3471.59 92.0586
250821-1301_14_18 4 400 37.6945 23.3791 0.00318479 37.7496 0.0261404 0.281713 -3467.67 91.994
250821-1301_14_19 4 400 37.6645 23.0079 0.00636209 37.7323 0.0253839 0.0998505 -3482.5 92.4612
250821-1301_14_2 4 400 37.7026 23.7021 0.00393398 37.7467 0.0154788 0.662379 -3486.1 92.4631
250821-1301_1_4 4 400 37.7363 23.6 0.00763763 37.7839 0.0237698 0.0755998 -3465.55 91.8355
250821-1301_14_3 4 400 37.7341 23.3804 0.00304725 37.7891 0.0283738 0.0794175 -3495.89 92.6453
250821-1301_14_4 4 400 37.7123 23.84 0 37.7517 0.0224181 0.18751 -3459.7 91.7391
250821-1301_14_5 4 400 37.6539 23.0557 0.00449868 37.72 0.0268567 0.204926 -3470.34 92.1641
250821-1301_14_6 4 400 37.7178 23.5669 0.00649175 37.7665 0.0229032 0.16808 -3475.77 92.1518
250821-1301_14_7 4 400 37.7502 23.632 0.00382971 37.7967 0.0176979 0.212837 -3497.45 92.6472
250821-1301_14_8 4 400 37.6801 23.6136 0.00377964 37.7273 0.0296435 0.136092 -3468.52 92.0514
250821-1301_14_9 4 400 37.7297 24.002 0.0051316 37.7637 0.0248368 0.0858902 -3532.71 93.6319
250821-1301_15_0 4 400 37.6971 23.5143 0.00345033 37.7476 0.0221389 0.367949 -3491.24 92.6126
250821-1301_15_10 4 400 37.7222 23.8093 0.00188982 37.7627 0.025122 0.0892249 -3471.52 92.0286
250821-1301_15_11 4 400 37.7157 23.5606 0.00151186 37.7646 0.0222962 0.158541 -3495.04 92.6679
250821-1301_15_12 4 400 37.7296 23.1664 0.00377964 37.792 0.0289097 0.0478198 -3517.61 93.2312
250821-1301_15_1 4 400 37.7428 23.3211 0.00520988 37.7999 0.0277377 0.087997 -3539.91 93.79
250821-1301_15_13 4 400 37.7391 23.5727 0.00590803 37.7876 0.0268612 0.208092 -3528.47 93.4962
250821-1301_15_14 4 400 37.7441 23.4836 0.00475595 37.7957 0.0185061 0.101742 -3532.01 93.5776
250821-1301_15_15 4 400 37.7313 23.4011 0.00536745 37.7856 0.00735789 1.98788 -3481.58 92.273
250821-1301_15_16 4 400 37.7648 23.721 0.00331662 37.8083 0.030797 0.08298 -3523.13 93.2909
250821-1301_15_17 4 400 37.6989 23.5164 0.00475595 37.7493 0.0332719 0.115667 -3514.14 93.2157
250821-1301_15_18 4 400 37.7274 23.3971 0.00698638 37.7819 0.0140357 0.417594 -3488.15 92.4566
250821-1301_15_19 4 400 37.696 22.9877 0.00546852 37.7644 0.0137988 0.974908 -3502.95 92.9261
250821-1301_15_2 4 400 37.695 23.717 0.0046188 37.7386 0.0218408 0.15309 -3526.89 93.5639
250821-1301_1_5 4 400 37.7239 24.0529 0.00267261 37.7561 0.0291097 0.0508819 -3471.46 92.0225
250821-1301_15_3 4 400 37.7255 23.485 0.00408248 37.777 0.0263638 0.116218 -3471.84 92.0288
250821-1301_15_4 4 400 37.7156 23.8414 0.00243975 37.755 0.0285986 0.0399798 -3467.91 91.9489
250821-1301_15_5 4 400 37.7261 23.0886 0.00243975 37.7911 0.0160534 0.137933 -3470.33 91.9876
250821-1301_15_6 4 400 37.6828 23.5879 0.00393398 37.7308 0.0170812 0.0790992 -3520.76 93.4314
250821-1301_15_7 4 400 37.7308 23.805 0.005 37.7714 0.0092787 2.14949 -3553.26 94.1742
250821-1301_15_8 4 400 37.7125 23.6279 0.00393398 37.7591 0.0193201 0.12414 -3477.52 92.211
250821-1301_15_9 4 400 37.7644 23.9364 0.00475595 37.8006 0.0202671 0.286603 -3538.44 93.6973
250821-1301_16_0 4 400 37.7492 23.6707 0.00345033 37.7944 0.00968874 0.725407 -3495.21 92.5904
250821-1301_16_10 4 400 37.749 23.7404 0.00304725 37.7918 0.0335189 0.0900384 -3512.5 93.0479
250821-1301_16_11 4 400 37.6853 23.575 0.005 37.7337 0.0227018 0.0903165 -3512.27 93.1996
250821-1301_16_12 4 400 37.699 23.1509 0.00425944 37.7618 0.0237959 0.23008 -3540.44 93.9136
250821-1301_16_1 4 400 37.6677 23.3343 0.00534522 37.7243 0.0204027 0.247324 -3478.68 92.3516
250821-1301_16_13 4 400 37.7384 23.5843 0.00449868 37.7865 0.0176222 0.115694 -3529.87 93.5349
250821-1301_16_14 4 400 37.7539 23.4049 0.00764697 37.8081 0.0284697 0.0797051 -3473.57 92.0055
250821-1301_16_15 4 400 37.707 23.41 0 37.7611 0.0245194 0.335569 -3494.18 92.6663
250821-1301_16_16 4 400 37.6765 23.1477 0.00363842 37.7395 0.0298229 0.160563 -3497.45 92.828
250821-1301_16_17 4 400 37.7476 23.5307 0.00345033 37.7976 0.0300915 0.0657895 -3543.92 93.8844
250821-1301_16_18 4 400 37.7151 23.3721 0.00393398 37.7705 0.0220467 0.115491 -3522.77 93.4049
250821-1301_16_19 4 400 37.7061 23.0041 0.00633584 37.7739 0.0238401 0.144082 -3461.87 91.8116
250821-1301_16_2 4 400 37.7727 23.6743 0.00534522 37.8178 0.0250224 0.051276 -3467.6 91.8016
250821-1301_1_6 4 400 37.7138 23.2461 0.00566947 37.7734 0.0232961 0.210162 -3464.48 91.8622
250821-1301_16_3 4 400 37.7461 23.4979 0.00566947 37.7972 0.0266054 0.136353 -3480.1 92.1976
250821-1301_16_4 4 400 37.7368 23.8804 0.00304725 37.7749 0.0157432 0.180405 -3464.33 91.8022
250821-1301_16_5 4 400 37.7248 23.1029 0.00698638 37.7893 0.0293773 0.146822 -3460.45 91.7284
250821-1301_16_6 4 400 37.7293 23.5634 0.00472077 37.7782 0.0169369 0.331308 -3488.9 92.4715
250821-1301_16_7 4 400 37.7417 23.81 0 37.7821 0.00973141 1.91793 -3491.64 92.5141
250821-1301_16_8 4 400 37.7323 23.6693 0.00188982 37.7775 0.0151729 0.604081 -3526.14 93.4516
250821-1301_16_9 4 400 37.7818 23.9486 0.00243975 37.8176 0.0175457 0.261827 -3548.55 93.9218
250821-1301_17_0 4 400 37.7011 23.6829 0.00393398 37.7459 0.01949 0.0912904 -3479.88 92.3017
250821-1301_17_10 4 400 37.7233 23.7557 0.00449868 37.7656 0.0360099 0.114307 -3516.1 93.2071
250821-1301_17_11 4 400 37.6724 23.5386 0.00475595 37.722 0.0185858 0.125606 -3476.71 92.2879
250821-1301_17_12 4 400 37.7152 23.16 0 37.7778 0.0329362 0.138061 -3505.2 92.9382
250821-1301_17_1 4 400 37.7579 23.3736 0.00377964 37.8132 0.0148033 1.20089 -3496.81 92.6113
250821-1301_17_13 4 400 37.7207 23.6349 0.00501427 37.7672 0.00509608 3.09142 -3497.52 92.7213
250821-1301_17_14 4 400 37.687 23.4229 0.00566947 37.7407 0.0263549 0.178085 -3503.74 92.9689
250821-1301_17_15 4 400 37.7349 23.41 0 37.789 0.0117973 0.864121 -3524.17 93.3928
250821-1301_17_16 4 400 37.6911 23.1539 0.00530498 37.7538 0.0129797 0.20776 -3484.32 92.4441
250821-1301_17_17 4 400 37.7695 23.5807 0.00731925 37.8178 0.0186996 0.171272 -3508.06 92.8805
250821-1301_17_18 4 400 37.7553 23.3793 0.00188982 37.8104 0.0185248 0.245711 -3537.43 93.6934
250821-1301_17_19 4 400 37.6902 23.0584 0.00454082 37.7562 0.0261218 0.0540167 -3517.96 93.339
250821-1301_17_2 4 400 37.7784 23.6857 0.00449868 37.8231 0.0175315 0.362154 -3491.71 92.4259
250821-1301_1_7 4 400 37.7313 23.515 0.00408248 37.7818 0.0202599 0.183901 -3487.07 92.4184
250821-1301_17_3 4 400 37.7232 23.4286 0.00690066 37.7767 0.0333088 0.0785545 -3456.82 91.6358
250821-1301_17_4 4 400 37.7098 23.8884 0.00489412 37.7476 0.0178914 0.0972712 -3467.7 91.9575
250821-1301_17_5 4 400 37.69 23.09 0 37.7549 0.0179071 0.558473 -3486.32 92.4999
250821-1301_17_6 4 400 37.7516 23.5814 0.00556349 37.7998 0.016146 0.307462 -3480.37 92.1914
250821-1301_17_7 4 400 37.7117 23.7253 0.00543796 37.7551 0.0294442 0.0879808 -3471.75 92.0603
250821-1301_17_8 4 400 37.7184 23.6821 0.0048795 37.7632 0.0113197 1.25466 -3499.91 92.7904
250821-1301_17_9 4 400 37.696 23.4371 0.0048795 37.7491 0.0236018 0.18265 -3478.44 92.2758
250821-1301_18_0 4 400 37.69 23.5914 0.00243975 37.7379 0.0290604 0.0559358 -3472.69 92.1383
250821-1301_18_10 4 400 37.696 23.8156 0.0061062 37.7362 0.0255283 0.129025 -3467.44 91.984
250821-1301_18_11 4 400 37.7074 23.5457 0.00449868 37.7568 0.0205662 0.149975 -3519.93 93.3488
250821-1301_18_12 4 400 37.7216 23.21 0.00763763 37.7824 0.0247276 0.196524 -3484.97 92.3865
250821-1301_18_1 4 400 37.7559 23.3826 0.00377964 37.8109 0.0268153 0.32402 -3494.92 92.5662
250821-1301_18_13 4 400 37.7598 23.6569 0.00414039 37.8055 0.0287374 0.0438572 -3513.89 93.0588
250821-1301_18_14 4 400 37.7284 23.5271 0.00566947 37.7784 0.0228277 0.11834 -3517.85 93.2415
250821-1301_18_15 4 400 37.728 23.4179 0.00393398 37.7818 0.0188707 0.167602 -3531.95 93.616
250821-1301_18_16 4 400 37.7056 23.1743 0.00534522 37.7677 0.0247679 0.130041 -3460.44 91.7746
250821-1301_18_17 4 400 37.7689 23.5936 0.00690066 37.8167 0.0177603 0.139027 -3539.31 93.7097
250821-1301_18_18 4 400 37.6698 23.5329 0.00636209 37.7197 0.0139006 0.840631 -3535.52 93.8556
250821-1301_18_19 4 400 37.7253 23.0733 0.00731925 37.7908 0.0239366 0.162513 -3533.21 93.6557
250821-1301_18_2 4 400 37.6921 23.0964 0.00377964 37.7568 0.0353398 0.0912244 -3476.62 92.2372
250821-1301_1_8 4 400 37.7491 23.8586 0.00626783 37.7879 0.0259327 0.155903 -3486.78 92.3666
250821-1301_18_3 4 400 37.6949 23.4471 0.00393398 37.7477 0.0306307 0.130741 -3474.13 92.1644
250821-1301_18_4 4 400 37.7606 23.8457 0.00449868 37.7998 0.0201556 0.0990439 -3473.61 91.9902
250821-1301_18_5 4 400 37.7225 23.0993 0.00731925 37.7872 0.0302848 0.0572884 -3464.24 91.8346
250821-1301_18_6 4 400 37.7075 23.659 0.00387298 37.7531 0.0132015 0.600971 -3470.7 92.0427
250821-1301_18_7 4 400 37.7768 23.7314 0.00377964 37.82 0.0188999 0.092959 -3473.37 91.9444
250821-1301_18_8 4 400 37.805 23.6793 0.00449868 37.8499 0.0128909 0.733284 -3508.16 92.7961
250821-1301_18_9 4 400 37.671 23.4471 0.00393398 37.7238 0.0196588 0.0635453 -3464.4 91.9647
250821-1301_19_0 4 400 37.7416 23.6079 0.00566947 37.7889 0.0385621 0.120349 -3469.06 91.9157
250821-1301_19_10 4 400 37.7131 23.8307 0.00672593 37.7528 0.0185623 0.138631 -3452.55 91.548
250821-1301_19_11 4 400 37.7842 23.7021 0.00393398 37.8284 0.0043691 4.25345 -3514.62 93.0182
250821-1301_19_12 4 400 37.75 23.2283 0.0029277 37.8102 0.0241762 0.130109 -3487.96 92.3959
250821-1301_19_1 4 400 37.6945 23.38 0 37.7496 0.0153661 0.546457 -3438.49 91.2196
250821-1301_19_13 4 400 37.7346 23.6136 0.00243975 37.7817 0.0280616 0.101584 -3522.84 93.3583
250821-1301_19_14 4 400 37.7164 23.5436 0.00475595 37.7659 0.0330953 0.0715298 -3525 93.4601
250821-1301_19_15 4 400 37.7171 23.4571 0.0048795 37.7695 0.0218898 0.150112 -3531.09 93.6199
250821-1301_19_16 4 400 37.6722 23.1914 0.00475595 37.7337 0.0192241 0.251487 -3519.22 93.4167
250821-1301_19_17 4 400 37.7625 23.572 0.0051316 37.8111 0.0189014 0.141977 -3536.11 93.6403
250821-1301_19_18 4 400 37.6903 23.5507 0.00534522 37.7396 0.0153234 0.916376 -3541.02 93.9502
250821-1301_19_19 4 400 37.6956 23.0929 0.0048795 37.7605 0.0148214 0.376817 -3558.67 94.4055
250821-1301_19_2 4 400 37.6632 23.1043 0.00345033 37.7277 0.0264603 0.0625385 -3508.83 93.1631
250821-1301_1_9 4 400 37.764 23.8636 0.00556349 37.8026 0.0102605 0.576156 -3495.92 92.5729
250821-1301_19_3 4 400 37.7435 23.5114 0.00626783 37.7941 0.0186584 0.430621 -3470.83 91.958
250821-1301_19_4 4 400 37.7153 23.8493 0.00188982 37.7545 0.0235075 0.140167 -3470.38 92.0149
250821-1301_19_5 4 400 37.6654 23.1577 0.0040708 37.7281 0.0294012 0.115 -3474.56 92.2474
250821-1301_19_6 4 400 37.7723 23.6829 0.010351 37.8171 0.0191345 0.343449 -3471.33 91.9011
250821-1301_19_7 4 400 37.7035 23.835 0.005 37.7431 0.0270735 0.0891055 -3461.31 91.803
250821-1301_19_8 4 400 37.76 23.6829 0.00393398 37.8048 0.0292709 0.214714 -3463.9 91.7341
250821-1301_19_9 4 400 37.7141 23.4629 0.00393398 37.7664 0.013559 0.263741 -3482.5 92.3392
250821-1301_20_0 4 400 37.7107 23.7079 0.00393398 37.7546 0.0307072 0.0721167 -3466.8 91.9313
250821-1301_20_10 4 400 37.7644 23.819 0.00695222 37.8045 0.0229667 0.200788 -3478.62 92.1135
250821-1301_20_11 4 400 37.7405 23.7129 0.0048795 37.7843 0.014594 0.361568 -3485.78 92.3615
250821-1301_20_12 4 400 37.7351 23.265 0.005 37.7941 0.0074256 0.972959 -3471.23 91.9895
250821-1301_20_1 4 400 37.7282 23.384 0.00447214 37.7832 0.0352198 0.0234824 -3465.3 91.8485
250821-1301_20_13 4 400 37.7184 23.6236 0.00475595 37.7652 0.0254807 0.133521 -3491.72 92.5729
250821-1301_20_14 4 400 37.7626 23.4829 0.00393398 37.8142 0.0265325 0.0742136 -3489.87 92.4158
250821-1301_20_15 4 400 37.6987 23.4749 0.00501427 37.7505 0.0271654 0.0454966 -3520.55 93.3861
250821-1301_20_16 4 400 37.6798 23.175 0.0057735 37.7418 0.0149412 0.741799 -3476.93 92.2757
250821-1301_20_17 4 400 37.7609 23.5857 0.00449868 37.809 0.0232077 0.171741 -3533.51 93.5756
250821-1301_20_18 4 400 37.7229 23.4711 0.00839501 37.7749 0.0329157 0.108379 -3543.57 93.9368
250821-1301_20_19 4 400 37.6977 23.1136 0.00801784 37.7618 0.0163208 0.659941 -3536.37 93.8087
250821-1301_20_2 4 400 37.7253 23.1314 0.00377964 37.7888 0.0291765 0.119164 -3528 93.518
250821-1301_2_0 4 400 37.7162 23.38 0 37.7713 0.0296101 0.0547804 -3532.49 93.6595
250821-1301_20_3 4 400 37.7136 23.525 0.00645497 37.7638 0.0133913 0.299008 -3494.83 92.6675
250821-1301_20_4 4 400 37.7703 24.0314 0.00243975 37.8032 0.0170495 0.946882 -3503.35 92.7537
250821-1301_20_5 4 400 37.7348 23.1771 0.00636209 37.7968 0.0217231 0.15129 -3456.39 91.5964
250821-1301_20_6 4 400 37.716 23.6243 0.00607493 37.7628 0.0111428 0.23614 -3482.22 92.3271
250821-1301_20_7 4 400 37.6991 23.8393 0.00188982 37.7385 0.0270792 0.171449 -3472.8 92.119
250821-1301_20_8 4 400 37.7319 23.7227 0.00561885 37.7754 0.0203192 0.33077 -3463.12 91.7822
250821-1301_20_9 4 400 37.7543 23.4769 0.00414039 37.806 0.0263703 0.0574885 -3466.88 91.8271
250821-1301_2_10 4 400 37.7628 23.5843 0.00449868 37.8109 0.0161807 0.581579 -3506.44 92.8543
250821-1301_21_0 4 400 37.6866 23.7164 0.00377964 37.7302 0.0255907 0.123411 -3451.73 91.5907
250821-1301_21_10 4 400 37.7621 23.8286 0.00377964 37.8019 0.0122105 0.270286 -3482.3 92.2169
250821-1301_21_11 4 400 37.7754 23.6271 0.00267261 37.8221 0.0356988 0.11521 -3501.35 92.6882
250821-1301_21_12 4 400 37.7714 23.2757 0.00607493 37.83 0.0103848 0.744165 -3501.53 92.7031
250821-1301_2_11 4 400 37.7527 23.8479 0.00393398 37.7919 0.0180049 0.180881 -3490.35 92.4528
250821-1301_21_1 4 400 37.7019 23.4243 0.00449868 37.7555 0.0157073 0.0691316 -3452.52 91.574
250821-1301_21_13 4 400 37.7007 23.0893 0.00188982 37.7657 0.0229583 0.147039 -3471.43 92.0782
250821-1301_21_14 4 400 37.7326 23.5043 0.00672593 37.7834 0.0286117 0.0656289 -3467.07 91.885
250821-1301_21_15 4 400 37.7677 23.4479 0.00267261 37.8205 0.0194919 0.146383 -3510.05 92.9377
250821-1301_21_16 4 400 37.6786 23.1843 0.00534522 37.7404 0.0208525 0.189481 -3476.91 92.2782
250821-1301_21_17 4 400 37.7167 23.656 0.004 37.7624 0.0120952 0.119718 -3519.06 93.3024
250821-1301_21_18 4 400 37.7861 23.485 0.005 37.8376 0.0195258 0.226691 -3543.82 93.786
250821-1301_21_19 4 400 37.7013 23.1279 0.00393398 37.7649 0.0220041 0.322743 -3470.58 92.0546
250821-1301_2_12 4 400 37.7632 23.685 0.00408248 37.8079 0.0128624 0.32153 -3504.55 92.8033
250821-1301_21_2 4 400 37.6676 23.1439 0.00805044 37.7307 0.0315273 0.0940061 -3464.99 91.988
250821-1301_2_1 4 400 37.764 23.7307 0.00188982 37.8071 0.0195926 0.382944 -3504.77 92.807
250821-1301_2_13 4 400 37.744 23.3414 0.00243975 37.8004 0.0205968 0.225122 -3475.57 92.0831
250821-1301_21_3 4 400 37.711 23.5019 0.00609449 37.7619 0.0283093 0.0800343 -3460.33 91.7592
250821-1301_2_14 4 400 37.7098 23.1286 0.00377964 37.7735 0.0119195 1.07494 -3453.1 91.57
250821-1301_21_4 4 400 37.7393 24.0386 0.00243975 37.772 0.00851908 0.708322 -3504.47 92.86
250821-1301_2_15 4 400 37.7108 23.5734 0.00582687 37.7593 0.0291266 0.0905587 -3472.48 92.0811
250821-1301_21_5 4 400 37.75 23.2121 0.00566947 37.8108 0.0130853 0.839884 -3514.64 93.1031
250821-1301_2_16 4 400 37.7103 23.5379 0.0048795 37.76 0.0320321 0.0495628 -3480.54 92.2967
250821-1301_21_6 4 400 37.7648 23.6311 0.0019518 37.8114 0.0283184 0.0760798 -3475.48 92.0293
250821-1301_2_17 4 400 37.7553 23.3084 0.00454082 37.8128 0.0131537 0.748782 -3507.78 92.9081
250821-1301_21_7 4 400 37.7396 23.7736 0.00475595 37.7813 0.0276755 0.0911735 -3469.07 91.9205
250821-1301_2_18 4 400 37.7147 23.1643 0.00534522 37.7771 0.0252516 0.114529 -3477.33 92.2007
250821-1301_21_8 4 400 37.72 23.7314 0.00243975 37.7631 0.0108867 0.333492 -3458.4 91.6862
250821-1301_2_19 4 400 37.7656 23.5586 0.00377964 37.8146 0.0259769 0.170774 -3550.68 94.0185
250821-1301_21_9 4 400 37.6618 23.4557 0.00345033 37.7144 0.0118549 0.950902 -3475.52 92.2823
250821-1301_22_0 4 400 37.724 23.6524 0.00468534 37.7698 0.0172935 0.159636 -3487.66 92.452
250821-1301_22_10 4 400 37.7192 23.8786 0.00377964 37.7573 0.0184866 0.474863 -3472.36 92.058
250821-1301_22_11 4 400 37.7039 23.6399 0.00659365 37.7501 0.0293467 0.1223 -3473.82 92.1337
250821-1301_22_12 4 400 37.7493 23.2779 0.0048795 37.8078 0.0223578 0.678351 -3474.02 92.0286
250821-1301_22_1 4 400 37.6983 23.4429 0.00755929 37.7513 0.0172741 0.11438 -3447.67 91.4541
250821-1301_22_13 4 400 37.6943 23.0936 0.00377964 37.7591 0.0270691 0.12872 -3477.05 92.2434
250821-1301_22_14 4 400 37.7384 23.5629 0.0048795 37.7873 0.0200554 0.315101 -3468.51 91.909
250821-1301_22_15 4 400 37.697 23.4507 0.00188982 37.7496 0.0257341 0.111565 -3467.37 91.9799
250821-1301_22_16 4 400 37.7252 23.23 3.83737e-15 37.7853 0.0254748 0.1955 -3462.37 91.7785
250821-1301_22_17 4 400 37.7032 23.6743 0.00731925 37.7483 0.0166166 0.307308 -3483.6 92.3951
250821-1301_22_18 4 400 37.7074 23.5871 0.00393398 37.7554 0.0311981 0.0357125 -3463.37 91.848
250821-1301_22_19 4 400 37.6725 23.1376 0.00509435 37.7359 0.0187651 0.180915 -3458.35 91.8001
250821-1301_22_2 4 400 37.7291 23.1293 0.00188982 37.7927 0.010217 0.819367 -3473.59 92.0665
250821-1301_2_2 4 400 37.7088 23.569 0.00695222 37.7575 0.0165081 1.08808 -3498.11 92.7662
250821-1301_22_3 4 400 37.6855 23.5143 0.00449868 37.736 0.0300529 0.149348 -3486.48 92.515
250821-1301_22_4 4 400 37.7151 23.9457 0.00449868 37.7509 0.0349073 0.0486368 -3476.57 92.179
250821-1301_22_5 4 400 37.7003 23.2299 0.00318479 37.7605 0.0111769 2.33884 -3508.09 93.0521
250821-1301_22_6 4 400 37.7687 23.4807 0.00188982 37.8204 0.0259184 0.345388 -3487.85 92.3472
250821-1301_22_7 4 400 37.7264 23.7836 0.00475595 37.7677 0.0312997 0.0662708 -3467.41 91.9089
250821-1301_22_8 4 400 37.7495 23.6993 0.00188982 37.7937 0.0264076 0.090469 -3468.61 91.8844
250821-1301_22_9 4 400 37.7415 23.465 0.005 37.7937 0.0308764 0.0653144 -3469.18 91.9194
250821-1301_2_3 4 400 37.6786 23.1993 0.00188982 37.7399 0.0276271 0.0626584 -3478.11 92.3098
250821-1301_2_4 4 400 37.7388 23.5379 0.00755929 37.7885 0.0176063 0.167792 -3504.03 92.8493
250821-1301_2_5 4 400 37.7893 24.0593 0.00188982 37.8213 0.0249924 0.097293 -3479.41 92.0738
250821-1301_2_6 4 400 37.7148 23.2914 0.00801784 37.7728 0.0167798 0.127483 -3474.96 92.1377
250821-1301_2_7 4 400 37.7297 23.52 3.83737e-15 37.78 0.0216162 0.0972561 -3486.53 92.4075
250821-1301_2_8 4 400 37.6914 23.84 0 37.7308 0.0182896 0.0920839 -3472.65 92.1339
250821-1301_2_9 4 400 37.7526 23.8771 0.00393398 37.7908 0.0218109 0.0411045 -3486.5 92.351
250821-1301_3_0 4 400 37.6798 23.3856 0.0061062 37.7347 0.0239988 0.12604 -3518.78 93.3861
250821-1301_3_10 4 400 37.6865 23.59 0 37.7344 0.0159692 0.694 -3486.34 92.5087
250821-1301_3_11 4 400 37.7215 23.3793 0.00188982 37.7766 0.0333509 0.149599 -3475.34 92.1307
250821-1301_3_12 4 400 37.6879 23.6986 0.00243975 37.7322 0.0296383 0.0715945 -3464.64 91.9294
250821-1301_3_1 4 400 37.7322 23.7136 0.00377964 37.776 0.0311845 0.072975 -3525.72 93.4403
250821-1301_3_13 4 400 37.7268 23.3111 0.0019518 37.7842 0.0154088 0.171858 -3475.25 92.1163
250821-1301_3_14 4 400 37.6786 23.1363 0.00482059 37.7419 0.0235986 0.194707 -3464.48 91.9481
250821-1301_3_15 4 400 37.7678 23.6497 0.00684871 37.8137 0.0112024 0.274846 -3490.12 92.4098
250821-1301_3_16 4 400 37.7092 23.5564 0.00475595 37.7582 0.0294397 0.0794794 -3470.27 92.0262
250821-1301_3_17 4 400 37.6948 23.3106 0.00151186 37.7522 0.0169118 1.28008 -3474.84 92.1834
250821-1301_3_18 4 400 37.7296 23.17 0.00288675 37.7919 0.0245698 0.0718865 -3466.51 91.8773
250821-1301_3_19 4 400 37.7365 23.6071 0.00755929 37.7839 0.0235669 0.110304 -3470.15 91.9573
250821-1301_3_2 4 400 37.7563 23.5821 0.0048795 37.8045 0.0169913 1.04701 -3526.24 93.3945
250821-1301_3_3 4 400 37.7485 23.2329 0.00393398 37.8085 0.0158412 0.76913 -3492.3 92.5151
250821-1301_3_4 4 400 37.709 23.5493 0.00345033 37.7583 0.0194348 0.213151 -3472.24 92.0802
250821-1301_3_5 4 400 37.7015 23.9807 0.00188982 37.7361 0.0209988 0.225735 -3476.02 92.1984
250821-1301_3_6 4 400 37.7533 23.3104 0.00304725 37.8107 0.0151537 0.368552 -3496.63 92.6177
250821-1301_3_7 4 400 37.6686 23.4954 0.00457738 37.7198 0.0181614 0.562784 -3461.71 91.8989
250821-1301_3_8 4 400 37.763 23.845 0.005 37.8023 0.0164232 0.369504 -3505.12 92.8186
250821-1301_3_9 4 400 37.7535 23.7886 0.00801784 37.7947 0.0311055 0.105954 -3497.06 92.6285
250821-1301_4_0 4 400 37.7531 23.3693 0.00188982 37.8086 0.00692435 1.00198 -3540.92 93.7915
250821-1301_4_10 4 400 37.687 23.5871 0.00393398 37.7351 0.021127 0.664361 -3500.37 92.8797
250821-1301_4_11 4 400 37.7394 23.3806 0.00151186 37.7945 0.0258331 0.221753 -3475.16 92.083
250821-1301_4_12 4 400 37.761 23.7557 0.00786796 37.8033 0.0239671 0.142884 -3483.89 92.2615
250821-1301_4_1 4 400 37.7072 23.7231 0.00362531 37.7506 0.020001 0.247798 -3560.01 94.4118
250821-1301_4_13 4 400 37.6869 23.3229 0.00393398 37.7439 0.0208005 0.202734 -3477.76 92.2802
250821-1301_4_14 4 400 37.6944 23.1914 0.00748013 37.7559 0.0187835 0.233377 -3478.24 92.2744
250821-1301_4_15 4 400 37.7266 23.665 0.0057735 37.772 0.0212545 0.176112 -3473.11 92.0596
250821-1301_4_16 4 400 37.7291 23.6519 0.00470562 37.7749 0.0245954 0.0672848 -3465.31 91.8468
250821-1301_4_17 4 400 37.6928 23.3176 0.00509435 37.75 0.0209319 0.223276 -3468.18 92.0118
250821-1301_4_18 4 400 37.6922 23.2 3.83737e-15 37.7534 0.0356416 0.0707335 -3458.84 91.7646
250821-1301_4_19 4 400 37.7601 23.6264 0.00475595 37.8068 0.0176847 0.14594 -3481.06 92.1887
250821-1301_4_2 4 400 37.6816 23.4956 0.00789213 37.7327 0.0280663 0.0816536 -3483.37 92.4419
250821-1301_4_3 4 400 37.7463 23.2467 0.00512231 37.8059 0.0130176 0.945946 -3499.19 92.7029
250821-1301_4_4 4 400 37.7313 23.7086 0.00243975 37.7752 0.0206307 0.13129 -3465.43 91.8448
250821-1301_4_5 4 400 37.724 23.9864 0.00475595 37.7584 0.0259157 0.094818 -3487.27 92.4415
250821-1301_4_6 4 400 37.737 23.2836 0.00475595 37.7953 0.0227657 0.0614842 -3472.17 92.0096
250821-1301_4_7 4 400 37.7141 23.5029 0.00393398 37.765 0.0266249 0.0958969 -3486.2 92.4372
250821-1301_4_8 4 400 37.6835 23.9084 0.00489412 37.7207 0.0188212 0.080667 -3463.94 91.9217
250821-1301_4_9 4 400 37.7462 23.8064 0.00626783 37.7868 0.0243979 0.109122 -3481.82 92.2431
250821-1301_5_0 4 400 37.722 23.3779 0.00267261 37.7772 0.0321285 0.0833541 -3531.07 93.6072
250821-1301_5_10 4 400 37.6956 23.59 0 37.7436 0.0134445 0.158715 -3490.46 92.5957
250821-1301_5_11 4 400 37.6901 23.4049 0.00501427 37.7444 0.024436 0.176665 -3470.74 92.086
250821-1301_5_12 4 400 37.738 23.7693 0.00534522 37.7798 0.0298846 0.146443 -3468.23 91.9026
250821-1301_5_1 4 400 37.7649 23.7786 0.00690066 37.8064 0.014327 0.281864 -3507.22 92.8697
250821-1301_5_13 4 400 37.6797 23.4807 0.00188982 37.7313 0.0150992 1.80601 -3467.02 92.0127
250821-1301_5_14 4 400 37.6809 23.2036 0.00475595 37.742 0.0255843 0.101369 -3488.1 92.5694
250821-1301_5_15 4 400 37.7387 23.6057 0.00449868 37.7861 0.0190466 0.221123 -3471.99 92.0006
250821-1301_5_16 4 400 37.715 23.6591 0.00226779 37.7606 0.0246572 0.0580512 -3462.34 91.8023
250821-1301_5_17 4 400 37.7225 23.355 0.00957427 37.7784 0.0228018 0.111854 -3474.72 92.1126
250821-1301_5_18 4 400 37.7144 23.2136 0.00556349 37.7751 0.0326134 0.0721582 -3510.42 93.0783
250821-1301_5_19 4 400 37.6928 23.6207 0.00607493 37.7397 0.0233355 0.0516484 -3528.52 93.6126
250821-1301_5_2 4 400 37.7024 23.5157 0.00607493 37.7529 0.0270329 0.300704 -3494.64 92.6896
250821-1301_5_3 4 400 37.741 23.2414 0.00377964 37.8008 0.0116122 0.312259 -3474.12 92.0516
250821-1301_5_4 4 400 37.7459 23.71 3.83737e-15 37.7898 0.0208067 0.0940522 -3477.82 92.1376
250821-1301_5_5 4 400 37.7649 24.0593 0.00188982 37.7969 0.0218789 0.0762981 -3478.94 92.1208
250821-1301_5_6 4 400 37.7081 23.2986 0.00690066 37.766 0.024238 0.136428 -3471.95 92.0739
250821-1301_5_7 4 400 37.759 23.5557 0.00345033 37.8081 0.0298324 0.0943527 -3488.31 92.3831
250821-1301_5_8 4 400 37.7842 23.9214 0.00626783 37.8208 0.0201328 0.176332 -3481.7 92.147
250821-1301_5_9 4 400 37.7665 23.9021 0.00566947 37.8038 0.0356917 0.0810817 -3477.08 92.0676
250821-1301_6_0 4 400 37.6706 23.4171 0.00566947 37.7244 0.020692 0.204275 -3493.89 92.7485
250821-1301_6_10 4 400 37.7234 23.6293 0.00188982 37.77 0.0151921 0.157937 -3485.25 92.3894
250821-1301_6_11 4 400 37.7222 23.4107 0.00188982 37.7762 0.0310976 0.0601688 -3463.54 91.817
250821-1301_6_12 4 400 37.7343 23.7371 0.00393398 37.7772 0.0157054 0.0639881 -3467.27 91.8862
250821-1301_6_1 4 400 37.7538 23.8014 0.00626783 37.7946 0.029199 0.0257683 -3518.11 93.1851
250821-1301_6_13 4 400 37.6892 23.4947 0.00579409 37.7404 0.0115811 0.554832 -3494.21 92.7111
250821-1301_6_14 4 400 37.708 23.2397 0.00743223 37.7679 0.0110001 0.747463 -3499.96 92.8174
250821-1301_6_15 4 400 37.7264 23.6207 0.00534522 37.7733 0.0098329 0.496576 -3483.99 92.3489
250821-1301_6_16 4 400 37.7625 23.5986 0.00475595 37.8102 0.0285389 0.137934 -3464.71 91.7492
250821-1301_6_17 4 400 37.7057 23.3729 0.00636209 37.7611 0.0218724 0.215489 -3462.81 91.8376
250821-1301_6_18 4 400 37.6769 23.1993 0.00188982 37.7381 0.0196793 0.118401 -3496.84 92.8109
250821-1301_6_19 4 400 37.7083 23.63 0 37.7549 0.0256752 0.102591 -3541.32 93.9131
250821-1301_6_2 4 400 37.708 23.6086 0.00377964 37.7553 0.0283087 0.10237 -3488.84 92.5223
250821-1301_6_3 4 400 37.7224 23.2529 0.00393398 37.7818 0.0151579 0.130723 -3486.81 92.4334
250821-1301_6_4 4 400 37.7331 23.7274 0.00320713 37.7764 0.0256206 0.118303 -3464.37 91.8122
250821-1301_6_5 4 400 37.6993 24.0649 0.00501427 37.731 0.00949348 0.15223 -3476.64 92.2202
250821-1301_6_6 4 400 37.6773 23.4593 0.00534522 37.7296 0.00781522 2.45469 -3487.4 92.5597
250821-1301_6_7 4 400 37.7216 23.5606 0.00151186 37.7705 0.0146132 0.150144 -3467.3 91.9181
250821-1301_6_8 4 400 37.7381 23.8671 0.00267261 37.7766 0.0176772 0.17029 -3477.9 92.1589
250821-1301_6_9 4 400 37.7585 23.9091 0.00226779 37.7956 0.0235102 0.093395 -3482.32 92.226
250821-1301_7_0 4 400 37.7373 23.4321 0.00809174 37.7906 0.0286204 0.0984642 -3490.2 92.4867
250821-1301_7_10 4 400 37.7276 23.6379 0.00566947 37.7739 0.0230118 0.0672246 -3529.29 93.5465
250821-1301_7_11 4 400 37.7033 23.3979 0.00267261 37.7577 0.0242412 0.446586 -3454.17 91.6141
250821-1301_7_12 4 400 37.7288 23.7506 0.00373529 37.7713 0.0128106 0.172465 -3479.68 92.2285
250821-1301_7_1 4 400 37.7327 23.744 0.00447214 37.7754 0.0188275 0.130096 -3547.65 94.0202
250821-1301_7_13 4 400 37.7287 23.409 0.00387298 37.7828 0.0278619 0.0716654 -3476.67 92.1492
250821-1301_7_14 4 400 37.7094 23.2607 0.00534522 37.7685 0.0100421 1.01757 -3509.08 93.0559
250821-1301_7_15 4 400 37.6743 23.27 3.83737e-15 37.7332 0.0279986 0.150806 -3466.33 92.0074
250821-1301_7_16 4 400 37.7423 23.6157 0.00449868 37.7894 0.0260787 0.142465 -3494.28 92.5824
250821-1301_7_17 4 400 37.7316 23.3443 0.00607493 37.7878 0.0250444 0.086969 -3516.15 93.1884
250821-1301_7_18 4 400 37.6568 23.2057 0.00449868 37.7179 0.0264005 0.15901 -3468.21 92.1002
250821-1301_7_19 4 400 37.7856 23.6836 0.0102933 37.8304 0.0169331 0.505819 -3548.96 93.9235
250821-1301_7_2 4 400 37.6929 23.6229 0.0048795 37.7397 0.0355371 0.111747 -3488.4 92.5475
250821-1301_7_3 4 400 37.7076 23.2971 0.00698638 37.7655 0.0151895 0.0877302 -3462.76 91.8316
250821-1301_7_4 4 400 37.7063 23.7321 0.00393398 37.7494 0.0265279 0.155467 -3480.36 92.3017
250821-1301_7_5 4 400 37.7823 24.0436 0.00243975 37.8148 0.0227378 0.11076 -3480.92 92.1309
250821-1301_7_6 4 400 37.7212 23.4771 0.0048795 37.773 0.0180423 0.208811 -3482.32 92.3172
250821-1301_7_7 4 400 37.7347 23.6121 0.00267261 37.7819 0.0100526 1.99713 -3479.09 92.1986
250821-1301_7_8 4 400 37.7053 23.8743 0.00345033 37.7436 0.0305531 0.043065 -3497.07 92.7472
250821-1301_7_9 4 400 37.7252 23.8421 0.00393398 37.7646 0.0252256 0.0627269 -3455.31 91.5912
250821-1301_8_0 4 400 37.7257 23.48 3.83737e-15 37.7773 0.0154154 0.788722 -3500.57 92.7901
250821-1301_8_10 4 400 37.7256 23.5993 0.00345033 37.7732 0.0141508 0.874003 -3504.97 92.9068
250821-1301_8_11 4 400 37.7225 23.4077 0.0040708 37.7766 0.029531 0.101929 -3487.71 92.4567
250821-1301_8_12 4 400 37.7617 23.8213 0.00763139 37.8018 0.0185332 0.170354 -3472.53 91.9586
250821-1301_8_1 4 400 37.7164 23.7534 0.00582687 37.7588 0.0200168 0.0458013 -3514.84 93.1909
250821-1301_8_13 4 400 37.6995 23.4279 0.00755929 37.7529 0.0260003 0.15036 -3471.29 92.0778
250821-1301_8_14 4 400 37.7645 23.265 0.00408248 37.8235 0.0114682 0.784919 -3498.87 92.6494
250821-1301_8_15 4 400 37.6964 23.27 3.83737e-15 37.7552 0.0216138 0.128163 -3464.17 91.8962
250821-1301_8_16 4 400 37.7582 23.6679 0.00566947 37.8035 0.0177565 0.215171 -3507.82 92.9022
250821-1301_8_17 4 400 37.7016 23.3521 0.0048795 37.7577 0.0151052 0.388876 -3481.96 92.3556
250821-1301_8_18 4 400 37.6528 23.2593 0.00607493 37.712 0.0262568 0.108181 -3473.18 92.2417
250821-1301_8_19 4 400 37.683 23.7014 0.00243975 37.7271 0.027676 0.123602 -3521.74 93.4567
250821-1301_8_2 4 400 37.7185 23.5593 0.00188982 37.7675 0.0263516 0.137858 -3534.29 93.7016
250821-1301_8_3 4 400 37.6905 23.3086 0.00243975 37.748 0.026439 0.150504 -3516.04 93.2867
250821-1301_8_4 4 400 37.7106 23.7206 0.00151186 37.7541 0.0117397 1.49487 -3477.56 92.2171
250821-1301_8_5 4 400 37.7517 24.0507 0.00188982 37.7839 0.0155046 0.174082 -3489.2 92.425
250821-1301_8_6 4 400 37.7346 23.3926 0.00899735 37.7893 0.0282705 0.0701944 -3492.38 92.5508
250821-1301_8_7 4 400 37.7127 23.6221 0.0048795 37.7595 0.00643539 0.469749 -3485.04 92.4104
250821-1301_8_8 4 400 37.7241 23.5507 0.00188982 37.7734 0.0272017 0.290811 -3476.26 92.1493
250821-1301_8_9 4 400 37.7589 23.8571 0.00755929 37.7978 0.0235717 0.0585693 -3472.5 91.9649
250821-1301_9_0 4 400 37.7462 23.4897 0.00468025 37.7976 0.015554 0.947083 -3517.16 93.1789
250821-1301_9_10 4 400 37.7444 23.6057 0.00345033 37.7918 0.0195761 0.221191 -3530.96 93.5491
250821-1301_9_11 4 400 37.7512 23.4507 0.00188982 37.8038 0.0225278 0.0865592 -3466.41 91.8223
250821-1301_9_12 4 400 37.7703 23.8393 0.00188982 37.8097 0.0237547 0.207799 -3482.11 92.1919
250821-1301_9_1 4 400 37.7245 23.2426 0.00377964 37.7842 0.0230801 0.342802 -3509.21 93.022
250821-1301_9_13 4 400 37.7218 23.5314 0.00626783 37.7717 0.0238246 0.133868 -3468.08 91.9384
250821-1301_9_14 4 400 37.7408 23.27 3.83737e-15 37.7996 0.0217026 0.23829 -3478.45 92.1666
250821-1301_9_15 4 400 37.6726 23.295 0.00645497 37.7306 0.0314637 0.0638324 -3515.5 93.3165
250821-1301_9_16 4 400 37.6872 23.6893 0.00534522 37.7317 0.0247204 0.0624792 -3520.74 93.4202
250821-1301_9_17 4 400 37.7072 23.5093 0.00188982 37.7579 0.00841784 0.877337 -3491.59 92.5975
250821-1301_9_18 4 400 37.6694 23.2721 0.00393398 37.7281 0.0283893 0.118041 -3480.12 92.3855
250821-1301_9_19 4 400 37.7061 23.6586 0.00377964 37.7517 0.0231897 0.0869691 -3538.46 93.8431
250821-1301_9_2 4 400 37.6912 23.5713 0.00763139 37.7397 0.0145127 0.169848 -3486.25 92.4951
250821-1301_9_3 4 400 37.731 23.2714 0.00243975 37.7898 0.0173587 0.223237 -3506.63 92.9376
250821-1301_9_4 4 400 37.752 23.7269 0.00414039 37.7953 0.028888 0.0285755 -3497.43 92.6421
250821-1301_9_5 4 400 37.7521 24.1036 0.00690066 37.7826 0.0174039 0.116219 -3483.62 92.276
250821-1301_9_6 4 400 37.6906 23.4127 0.00590803 37.7445 0.0366532 0.122326 -3468.8 92.0331
250821-1301_9_7 4 400 37.7274 23.6186 0.00243975 37.7743 0.0152964 0.50479 -3488.19 92.4577
250821-1301_9_8 4 400 37.6971 23.5529 0.00393398 37.7463 0.0254112 0.159583 -3462.04 91.8376
250821-1301_9_9 4 400 37.7013 23.9143 0.00607493 37.7382 0.0198434 0.22564 -3476.17 92.2027
