250821-1304_0_0 4 400 37.7663 23.6157 0.00345033 37.8134 0.0263322 0.141285 -3506.04 92.835
250821-1304_0_10 4 400 37.7664 23.814 0.00447214 37.8067 0.00992853 0.512481 -3525.61 93.3531
250821-1304_0_11 4 400 37.7399 24.1914 0.00556349 37.7674 0.0220867 0.0500652 -3499.21 92.7196
250821-1304_0_12 4 400 37.758 24.136 0.004 37.7874 0.0316881 0.13804 -3508.07 92.9093
250821-1304_0_1 4 400 37.7021 23.9179 0.00636209 37.7389 0.0284784 0.0584187 -3495.24 92.7065
250821-1304_0_13 4 400 37.7089 23.9864 0.00377964 37.7434 0.031289 0.0683431 -3503.49 92.9086
250821-1304_0_14 4 400 37.6696 23.5207 0.00188982 37.7199 0.0282927 0.0503252 -3489.92 92.6454
250821-1304_0_15 4 400 37.7101 23.9329 0.00755929 37.7464 0.0199991 0.202822 -3528.33 93.5645
250821-1304_0_16 4 400 37.7424 24.01 0.00288675 37.776 0.0192104 0.178553 -3610.17 95.6529
250821-1304_0_17 4 400 37.6772 23.744 0.00447214 37.7199 0.027972 0.100075 -3493.01 92.7089
250821-1304_0_18 4 400 37.7004 24.02 3.83737e-15 37.7337 0.0211995 0.271904 -3528.57 93.5949
250821-1304_0_19 4 400 37.7705 23.8464 0.00475595 37.8097 0.029781 0.0745932 -3510.61 92.9456
250821-1304_0_2 4 400 37.7419 23.77 3.83737e-15 37.7837 0.0137774 0.101494 -3499.57 92.7236
250821-1304_0_3 4 400 37.748 23.6929 0.00393398 37.7925 0.0342985 0.0919696 -3497.03 92.6405
250821-1304_0_4 4 400 37.7206 24.069 0.00632456 37.7523 0.0213663 0.134205 -3539.23 93.8274
250821-1304_0_5 4 400 37.7357 23.8057 0.00449868 37.7763 0.0306193 0.077146 -3489.05 92.4596
250821-1304_0_6 4 400 37.679 23.9107 0.00188982 37.716 0.0218816 0.392013 -3502.98 92.9687
250821-1304_0_7 4 400 37.6918 23.2014 0.00377964 37.7529 0.0326771 0.0907048 -3484.36 92.4425
250821-1304_0_8 4 400 37.7538 23.7136 0.00690066 37.7976 0.0191363 0.197102 -3504.36 92.821
250821-1304_0_9 4 400 37.7629 23.73 3.83737e-15 37.8061 0.0145146 0.492024 -3512.05 93.0024
250821-1304_10_0 4 400 37.6872 23.7469 0.00414039 37.7298 0.018175 0.421067 -3481.4 92.376
250821-1304_10_10 4 400 37.7341 24.0543 0.00449868 37.7663 0.0141049 0.846313 -3517.7 93.2232
250821-1304_10_11 4 400 37.7257 23.8826 0.00377964 37.7637 0.0302414 0.0690684 -3497.75 92.7151
250821-1304_10_12 4 400 37.6963 24.151 0.00331662 37.7252 0.0225325 0.125301 -3502.97 92.9257
250821-1304_10_1 4 400 37.7282 23.575 0.005 37.7766 0.0252218 0.108907 -3488.62 92.467
250821-1304_10_13 4 400 37.7658 24.1993 0.00188982 37.7931 0.0296485 0.134239 -3525.03 93.3388
250821-1304_10_14 4 400 37.725 23.68 0.0057735 37.7699 0.022243 0.140174 -3505.61 92.925
250821-1304_10_15 4 400 37.7507 23.7399 0.00260951 37.7936 0.028654 0.16213 -3502.18 92.7708
250821-1304_10_16 4 400 37.7503 24.06 0 37.7823 0.0154873 0.299041 -3538.51 93.7343
250821-1304_10_17 4 400 37.7064 23.9807 0.00188982 37.7411 0.0261417 0.0566678 -3511.46 93.1261
250821-1304_10_18 4 400 37.7705 23.5843 0.00534522 37.8187 0.0132148 0.750234 -3518.3 93.1493
250821-1304_10_19 4 400 37.6867 23.9157 0.00449868 37.7235 0.0282263 0.142679 -3519.62 93.3914
250821-1304_10_2 4 400 37.7527 23.9991 0.00620292 37.7867 0.0204364 0.306529 -3516.53 93.1465
250821-1304_1_0 4 400 37.7521 23.6179 0.00267261 37.7991 0.029923 0.0161131 -3487.06 92.367
250821-1304_10_3 4 400 37.742 23.8111 0.0019518 37.7824 0.0310134 0.14124 -3488.77 92.4369
250821-1304_10_4 4 400 37.7499 23.6464 0.00243975 37.7959 0.031571 0.0882104 -3525.33 93.3856
250821-1304_10_5 4 400 37.7046 24.015 0.0057735 37.7381 0.0282573 0.168196 -3533.14 93.7057
250821-1304_10_6 4 400 37.7425 24.1007 0.00345033 37.7731 0.0269274 0.179412 -3493.59 92.5635
250821-1304_10_7 4 400 37.689 23.3913 0.0040708 37.7437 0.0135031 0.127577 -3516.39 93.2999
250821-1304_10_8 4 400 37.6894 23.5457 0.00607493 37.7388 0.0199972 0.127392 -3505.13 93.0001
250821-1304_10_9 4 400 37.7687 23.9797 0.00449868 37.8034 0.0168789 0.171891 -3498.96 92.6417
250821-1304_1_10 4 400 37.6928 23.8236 0.00475595 37.7328 0.0297481 0.173877 -3503.47 92.9473
250821-1304_11_0 4 400 37.7255 23.7521 0.00267261 37.7679 0.0173531 0.115175 -3508.81 93.0087
250821-1304_11_10 4 400 37.6978 24.06 0 37.7298 0.0164365 1.16433 -3504.33 92.9583
250821-1304_11_11 4 400 37.7403 23.9107 0.00188982 37.7774 0.0137429 0.359304 -3501.07 92.7673
250821-1304_11_12 4 400 37.7194 24.1586 0.00377964 37.748 0.0229561 0.0867155 -3498.74 92.7568
250821-1304_1_11 4 400 37.7855 24.1323 0.00213809 37.815 0.0192432 0.145731 -3512.31 92.954
250821-1304_11_1 4 400 37.7348 23.6021 0.0048795 37.7823 0.0211188 0.13099 -3502.09 92.8075
250821-1304_11_13 4 400 37.7601 24.1306 0.00151186 37.7897 0.0342244 0.0892183 -3515.42 93.0983
250821-1304_11_14 4 400 37.7488 23.6979 0.00267261 37.793 0.0198557 0.136547 -3519.85 93.2439
250821-1304_11_15 4 400 37.7717 23.7277 0.0040708 37.815 0.0119122 0.268798 -3517.05 93.1133
250821-1304_11_16 4 400 37.7112 24.0651 0.00362531 37.743 0.0233861 0.179051 -3529.13 93.5829
250821-1304_11_17 4 400 37.6814 23.8904 0.00571131 37.7191 0.0253236 0.107495 -3508.34 93.1053
250821-1304_11_18 4 400 37.7836 23.5936 0.00475595 37.8314 0.0183556 0.499128 -3532.36 93.4888
250821-1304_11_19 4 400 37.7141 23.38 0 37.7691 0.0267724 0.104346 -3537.66 93.8015
250821-1304_1_12 4 400 37.7558 24.1441 0.00563999 37.7849 0.0316975 0.132165 -3500.6 92.7162
250821-1304_11_2 4 400 37.777 24.0171 0.00566947 37.8104 0.0195391 0.301716 -3530.02 93.4436
250821-1304_1_1 4 400 37.7499 23.9763 0.00482059 37.7847 0.0255363 0.220637 -3522.99 93.3242
250821-1304_1_13 4 400 37.7105 24.0221 0.00267261 37.7437 0.0206074 0.179304 -3507.18 93.0023
250821-1304_11_3 4 400 37.7075 23.9629 0.0048795 37.7427 0.0149232 0.701658 -3490.95 92.5797
250821-1304_1_14 4 400 37.6656 23.5357 0.00534522 37.7154 0.0226477 0.0325007 -3501.77 92.9697
250821-1304_11_4 4 400 37.7443 23.6577 0.0040708 37.7899 0.0272533 0.0580222 -3512.21 93.0522
250821-1304_1_15 4 400 37.7193 23.9091 0.00226779 37.7564 0.0252735 0.161501 -3523.99 93.4266
250821-1304_11_5 4 400 37.7126 23.96 0.00288675 37.748 0.0195911 0.180975 -3539.5 93.8541
250821-1304_1_16 4 400 37.731 24.0193 0.00188982 37.7643 0.0147888 1.18919 -3520.07 93.2937
250821-1304_11_6 4 400 37.7423 24.1164 0.00475595 37.7724 0.025811 0.0904076 -3501.37 92.7702
250821-1304_1_17 4 400 37.703 23.7886 0.00377964 37.7442 0.0192285 0.23127 -3502.79 92.9043
250821-1304_11_7 4 400 37.6675 23.44 0.00957427 37.7205 0.0211545 0.12883 -3489.06 92.6281
250821-1304_1_18 4 400 37.7212 24.025 0.00288675 37.7544 0.0124705 0.192857 -3538.56 93.8081
250821-1304_11_8 4 400 37.6871 23.5586 0.00243975 37.7361 0.0272495 0.133976 -3505.57 93.0173
250821-1304_1_19 4 400 37.7517 23.7857 0.00607493 37.793 0.0285258 0.115456 -3497.98 92.657
250821-1304_11_9 4 400 37.7817 23.9529 0.00393398 37.8173 0.0196335 0.379307 -3516.1 93.0632
250821-1304_12_0 4 400 37.7571 23.7843 0.00449868 37.7984 0.0168124 0.3231 -3501.97 92.7498
250821-1304_12_10 4 400 37.7052 23.9769 0.00414039 37.74 0.0310999 0.0940468 -3511.96 93.142
250821-1304_12_11 4 400 37.7777 23.9271 0.00636209 37.8142 0.00960032 1.07535 -3537.06 93.6281
250821-1304_12_12 4 400 37.7138 23.8786 0.00243975 37.7519 0.0311765 0.109256 -3509.89 93.0661
250821-1304_12_1 4 400 37.7501 23.6193 0.00786796 37.7971 0.0212974 0.170477 -3507.09 92.9023
250821-1304_12_13 4 400 37.6856 24.1456 0.00637331 37.7147 0.0333256 0.132949 -3552.48 94.2656
250821-1304_12_14 4 400 37.7583 23.6671 0.00393398 37.8036 0.0172555 0.283205 -3530.32 93.4977
250821-1304_12_15 4 400 37.6895 23.73 3.83737e-15 37.7327 0.0186462 0.105366 -3503.25 92.9502
250821-1304_12_16 4 400 37.7102 24.1243 0.00886405 37.74 0.00982358 0.287904 -3525.3 93.4838
250821-1304_12_17 4 400 37.6721 23.9063 0.00482059 37.7093 0.0299491 0.0780348 -3509.76 93.1653
250821-1304_12_18 4 400 37.6898 23.5943 0.00449868 37.7376 0.0276143 0.0759804 -3490.7 92.6164
250821-1304_12_19 4 400 37.7583 23.3811 0.0019518 37.8134 0.0274483 0.0928685 -3534.46 93.6073
250821-1304_12_2 4 400 37.7166 24.0121 0.00393398 37.7502 0.0185457 0.219648 -3511.28 93.0962
250821-1304_1_2 4 400 37.7486 23.7729 0.00393398 37.7903 0.0213445 0.26954 -3500.41 92.7292
250821-1304_12_3 4 400 37.7386 23.9763 0.00482059 37.7734 0.0207187 0.0991059 -3512.21 93.0665
250821-1304_12_4 4 400 37.7701 23.6786 0.00377964 37.815 0.0121372 0.433298 -3522.5 93.2617
250821-1304_12_5 4 400 37.7269 23.9724 0.00468534 37.7618 0.0134013 0.205254 -3532.03 93.621
250821-1304_12_6 4 400 37.7489 24.0429 0.00393398 37.7814 0.0237834 0.166225 -3503.42 92.8087
250821-1304_12_7 4 400 37.6639 23.4571 0.00809174 37.7163 0.0240864 0.258461 -3499.22 92.9062
250821-1304_12_8 4 400 37.6389 23.5336 0.00626783 37.6888 0.0170699 0.333837 -3483.31 92.5452
250821-1304_12_9 4 400 37.7774 23.9607 0.00449868 37.8127 0.020048 0.293265 -3511.47 92.9513
250821-1304_13_0 4 400 37.7326 23.8 0.00408248 37.7734 0.0197472 0.166816 -3486.26 92.3938
250821-1304_13_10 4 400 37.6947 23.9884 0.00734523 37.7291 0.0308962 0.095501 -3507.88 93.0599
250821-1304_13_11 4 400 37.7174 23.9229 0.00393398 37.754 0.0172454 0.0605903 -3487.99 92.477
250821-1304_13_12 4 400 37.6859 23.88 0 37.724 0.0296747 0.057604 -3493.58 92.7021
250821-1304_13_1 4 400 37.7068 23.5971 0.00267261 37.7545 0.00876826 1.00683 -3492.95 92.6344
250821-1304_13_13 4 400 37.694 24.1986 0.00243975 37.7212 0.0178938 0.336257 -3505.72 93.0045
250821-1304_13_14 4 400 37.69 23.6793 0.00672593 37.7349 0.0175048 0.149672 -3510.71 93.1468
250821-1304_13_15 4 400 37.6815 23.7721 0.00393398 37.7232 0.0248549 0.0958696 -3491.29 92.6525
250821-1304_13_16 4 400 37.6942 24.1381 0.00717469 37.7235 0.0238104 0.0656393 -3513.95 93.2223
250821-1304_13_17 4 400 37.7026 24.0071 0.00393398 37.7364 0.0304142 0.229992 -3515.79 93.2496
250821-1304_13_18 4 400 37.7 23.6036 0.00377964 37.7475 0.0258401 0.102771 -3502.58 92.9066
250821-1304_13_19 4 400 37.719 23.4121 0.00393398 37.7729 0.0267412 0.0924779 -3495.09 92.661
250821-1304_13_2 4 400 37.6904 24.0193 0.00188982 37.7238 0.0253611 0.245961 -3517.93 93.3373
250821-1304_1_3 4 400 37.7209 23.7329 0.00393398 37.764 0.0110371 0.213667 -3507.68 92.9904
250821-1304_13_3 4 400 37.7327 23.8834 0.00472077 37.7707 0.025714 0.116357 -3499.54 92.7454
250821-1304_13_4 4 400 37.7778 23.6936 0.00475595 37.8222 0.0144608 0.682806 -3532.14 93.4979
250821-1304_13_5 4 400 37.6918 23.8279 0.00393398 37.7317 0.0281453 0.120541 -3508.03 93.0709
250821-1304_13_6 4 400 37.7118 24.055 0.005 37.7439 0.0348705 0.052468 -3479.6 92.2678
250821-1304_13_7 4 400 37.7037 23.4307 0.00838082 37.757 0.0258712 0.125297 -3499.2 92.8075
250821-1304_13_8 4 400 37.681 23.5493 0.00607493 37.7303 0.0276289 0.099932 -3502.2 92.9429
250821-1304_13_9 4 400 37.7417 24.0457 0.00838082 37.7741 0.0138286 0.690721 -3501.92 92.7865
250821-1304_14_0 4 400 37.7274 23.77 3.83737e-15 37.7692 0.0236381 0.186756 -3492.43 92.5702
250821-1304_14_10 4 400 37.6722 24.0893 0.00188982 37.7032 0.0253694 0.133235 -3495.21 92.7792
250821-1304_14_11 4 400 37.7671 23.93 3.83737e-15 37.8035 0.02022 0.188001 -3534.94 93.5982
250821-1304_14_12 4 400 37.693 23.8977 0.00464451 37.7304 0.0262354 0.0922473 -3497.35 92.7849
250821-1304_14_1 4 400 37.7402 23.6093 0.00534522 37.7875 0.0291654 0.137227 -3505.61 92.8877
250821-1304_14_13 4 400 37.7539 24.2086 0.00748013 37.7808 0.0207902 0.137702 -3502.11 92.7616
250821-1304_14_14 4 400 37.7044 23.8321 0.0048795 37.7441 0.0103571 1.33261 -3535.58 93.771
250821-1304_14_15 4 400 37.7103 23.7836 0.00556349 37.7516 0.0246767 0.12074 -3509.47 93.0639
250821-1304_14_16 4 400 37.7007 24.09 0 37.7316 0.0269697 0.130467 -3520.03 93.3675
250821-1304_14_17 4 400 37.7161 24.0171 0.00393398 37.7495 0.0300866 0.103779 -3520.44 93.3403
250821-1304_14_18 4 400 37.7042 23.6406 0.00687646 37.7504 0.0233985 0.0590215 -3491.03 92.5897
250821-1304_14_19 4 400 37.7432 23.4264 0.00556349 37.7967 0.0246327 0.137582 -3499.35 92.7143
250821-1304_14_2 4 400 37.7271 24.0677 0.00644759 37.7588 0.0146499 0.44612 -3539.68 93.8232
250821-1304_1_4 4 400 37.7534 24.0864 0.00626783 37.7845 0.026855 0.139584 -3530.55 93.5161
250821-1304_14_3 4 400 37.7334 23.897 0.0046188 37.7709 0.0261529 0.0766613 -3497.18 92.6811
250821-1304_14_4 4 400 37.7062 23.6886 0.00475595 37.7508 0.0244823 0.151304 -3481.65 92.336
250821-1304_14_5 4 400 37.6846 23.8257 0.00345033 37.7246 0.0237983 0.112176 -3488.75 92.5776
250821-1304_14_6 4 400 37.7242 24.0979 0.00636209 37.7548 0.0241826 0.232026 -3490.8 92.5347
250821-1304_14_7 4 400 37.7124 23.4486 0.00377964 37.7651 0.0225979 0.163194 -3501.37 92.8438
250821-1304_14_8 4 400 37.6779 23.6079 0.00698638 37.7253 0.0299835 0.0595024 -3501.52 92.9327
250821-1304_14_9 4 400 37.7324 24.0607 0.00449868 37.7643 0.0242375 0.160713 -3495.55 92.6403
250821-1304_15_0 4 400 37.7517 23.77 3.83737e-15 37.7935 0.0154698 0.137345 -3500.81 92.7324
250821-1304_15_10 4 400 37.7404 24.0921 0.00267261 37.7713 0.0245039 0.0975563 -3508.19 92.9553
250821-1304_15_11 4 400 37.7825 23.9607 0.00449868 37.8179 0.0179431 0.353042 -3533.96 93.5342
250821-1304_15_12 4 400 37.7388 23.9077 0.0040708 37.7759 0.0248079 0.144895 -3509.24 92.9874
250821-1304_15_1 4 400 37.7208 23.6614 0.00377964 37.7663 0.0172947 0.123835 -3492.27 92.582
250821-1304_15_13 4 400 37.7548 24.2014 0.00243975 37.782 0.0311321 0.0855086 -3502.18 92.7607
250821-1304_15_14 4 400 37.7 23.845 0.005 37.7393 0.0233388 0.141466 -3517.93 93.3136
250821-1304_15_15 4 400 37.7216 23.8271 0.00267261 37.7615 0.019821 0.606795 -3507.73 92.99
250821-1304_15_16 4 400 37.7033 24.0929 0.00393398 37.7342 0.0201655 0.0736891 -3520.19 93.3653
250821-1304_15_17 4 400 37.7283 23.9457 0.00449868 37.7642 0.0288311 0.20804 -3523.44 93.3891
250821-1304_15_18 4 400 37.6711 23.6569 0.00414039 37.7168 0.0237449 0.065283 -3496.95 92.8283
250821-1304_15_19 4 400 37.7653 23.4091 0.00226779 37.8194 0.0181126 0.414092 -3517.93 93.1524
250821-1304_15_2 4 400 37.7735 24.0864 0.00475595 37.8045 0.0253261 0.123262 -3528.46 93.4107
250821-1304_1_5 4 400 37.7431 23.9083 0.0029277 37.7802 0.0230739 0.0871248 -3494.75 92.5929
250821-1304_15_3 4 400 37.7362 23.9981 0.00425944 37.7702 0.0203628 0.262963 -3500.7 92.7677
250821-1304_15_4 4 400 37.7251 23.6979 0.00267261 37.7694 0.0252423 0.14473 -3491.92 92.562
250821-1304_15_5 4 400 37.7122 23.8407 0.00188982 37.7516 0.0269461 0.11749 -3501.13 92.8382
250821-1304_15_6 4 400 37.7328 24.1221 0.0048795 37.7627 0.024711 0.256352 -3489.59 92.4816
250821-1304_15_7 4 400 37.7594 23.6071 0.00859125 37.8068 0.0144298 0.76291 -3532.75 93.5596
250821-1304_15_8 4 400 37.6661 23.625 0.00707107 37.7129 0.0240626 0.158484 -3516.89 93.37
250821-1304_15_9 4 400 37.754 23.9924 0.00468534 37.7882 0.0203565 0.086534 -3507.66 92.9083
250821-1304_16_0 4 400 37.7259 23.9307 0.00345033 37.7623 0.0117573 0.355167 -3502.51 92.8407
250821-1304_16_10 4 400 37.7325 24.0336 0.00556349 37.7654 0.0233647 0.0980445 -3500.58 92.7734
250821-1304_16_11 4 400 37.7772 23.9757 0.00534522 37.812 0.0169966 0.380162 -3532.18 93.5005
250821-1304_16_12 4 400 37.7597 23.88 0 37.7977 0.0155637 0.583892 -3514.28 93.0694
250821-1304_16_1 4 400 37.756 23.6793 0.00672593 37.8009 0.0224829 0.0830447 -3495.1 92.5705
250821-1304_16_13 4 400 37.7733 24.2086 0.00475595 37.8002 0.0170233 0.233848 -3512.43 92.9869
250821-1304_16_14 4 400 37.7061 23.7643 0.00607493 37.7481 0.0144686 0.120898 -3534.8 93.746
250821-1304_16_15 4 400 37.7571 23.8379 0.00393398 37.7966 0.0135596 0.201334 -3526.1 93.389
250821-1304_16_16 4 400 37.7847 23.6736 0.00243975 37.8298 0.0260519 0.151954 -3524.84 93.2873
250821-1304_16_17 4 400 37.763 23.9536 0.00475595 37.7986 0.021316 0.153894 -3520.37 93.2224
250821-1304_16_18 4 400 37.7059 23.63 0 37.7525 0.0198741 0.199413 -3519.68 93.3455
250821-1304_16_19 4 400 37.762 23.4157 0.00607493 37.8158 0.0234423 0.311837 -3511.84 92.9993
250821-1304_16_2 4 400 37.7662 24.0429 0.0048795 37.7987 0.0157873 0.130048 -3526.85 93.3864
250821-1304_1_6 4 400 37.6917 23.915 0.00408248 37.7286 0.0233643 0.0828582 -3503.55 92.9526
250821-1304_16_3 4 400 37.7333 24.0114 0.00377964 37.7669 0.0287247 0.0487448 -3499.26 92.736
250821-1304_16_4 4 400 37.78 23.7291 0.00226779 37.8232 0.0154738 0.208204 -3495.23 92.5152
250821-1304_16_5 4 400 37.7331 23.8486 0.00243975 37.7722 0.026757 0.0931396 -3503.61 92.8521
250821-1304_16_6 4 400 37.7652 24.0879 0.00267261 37.7962 0.0259558 0.194094 -3504.51 92.7972
250821-1304_16_7 4 400 37.7615 23.6264 0.00475595 37.8082 0.00542748 0.838849 -3535.18 93.6184
250821-1304_16_8 4 400 37.6427 23.6657 0.00449868 37.6881 0.0218815 0.219704 -3492.97 92.7922
250821-1304_16_9 4 400 37.7285 24.0057 0.00449868 37.7623 0.0225884 0.111521 -3493.11 92.5853
250821-1304_17_0 4 400 37.748 23.9471 0.00393398 37.7838 0.0227615 0.123023 -3503.5 92.8123
250821-1304_17_10 4 400 37.7275 24.0493 0.00731925 37.7598 0.0320823 0.0735355 -3498.55 92.732
250821-1304_17_11 4 400 37.7507 23.9464 0.00377964 37.7866 0.0237747 0.120844 -3512.33 93.0401
250821-1304_17_12 4 400 37.7594 23.8869 0.00414039 37.7973 0.0317336 0.0715278 -3514.33 93.0707
250821-1304_17_1 4 400 37.7803 23.7269 0.00414039 37.8236 0.0112408 0.987901 -3534.3 93.5489
250821-1304_17_13 4 400 37.7813 24.2629 0.00698638 37.8063 0.0220184 0.146595 -3508.72 92.8691
250821-1304_17_14 4 400 37.7056 23.7779 0.00636209 37.7472 0.022055 0.117249 -3536.08 93.7811
250821-1304_17_15 4 400 37.763 23.8314 0.00377964 37.8027 0.0141024 0.259807 -3501.87 92.7326
250821-1304_17_16 4 400 37.7655 23.6771 0.00267261 37.8105 0.0182839 0.206301 -3520.5 93.2197
250821-1304_17_17 4 400 37.7783 24.0136 0.00556349 37.8118 0.0218624 0.270767 -3531.93 93.4909
250821-1304_17_18 4 400 37.7216 23.634 0.00447214 37.7681 0.0205464 0.165731 -3509.05 93.0248
250821-1304_17_19 4 400 37.7393 23.476 0.004 37.7911 0.0282119 0.0380629 -3499.73 92.7344
250821-1304_17_2 4 400 37.7209 24.0543 0.00534522 37.7531 0.0216396 0.146064 -3537.46 93.7797
250821-1304_1_7 4 400 37.6941 23.237 0.00544671 37.754 0.0278299 0.115652 -3500.22 92.8586
250821-1304_17_3 4 400 37.7306 23.9393 0.00672593 37.7666 0.031143 0.0997159 -3488.68 92.4625
250821-1304_17_4 4 400 37.6827 23.7419 0.00470562 37.7255 0.0208998 0.201047 -3485.58 92.4977
250821-1304_17_5 4 400 37.7153 23.8264 0.00475595 37.7552 0.0108807 0.419862 -3496.29 92.702
250821-1304_17_6 4 400 37.7648 24.09 0 37.7958 0.0183662 0.463825 -3512.63 93.013
250821-1304_17_7 4 400 37.7439 23.545 0.01 37.7934 0.0263778 0.101334 -3514.65 93.118
250821-1304_17_8 4 400 37.6943 23.6843 0.00672593 37.739 0.0134837 0.354794 -3528.63 93.612
250821-1304_17_9 4 400 37.7165 23.7379 0.00393398 37.7594 0.0221314 0.15188 -3494.88 92.6612
250821-1304_18_0 4 400 37.7271 23.8514 0.00626783 37.7662 0.03605 0.0627893 -3495.92 92.663
250821-1304_18_10 4 400 37.7021 24.0957 0.00607493 37.7329 0.0190165 0.12214 -3496.52 92.7404
250821-1304_18_11 4 400 37.7582 23.95 3.83737e-15 37.7939 0.0178748 0.141011 -3510.63 92.9763
250821-1304_18_12 4 400 37.7269 23.9336 0.00556349 37.7632 0.0271154 0.18845 -3514.31 93.1508
250821-1304_18_1 4 400 37.7113 23.735 0.005 37.7543 0.00923492 1.43109 -3486.24 92.4456
250821-1304_18_13 4 400 37.782 24.2757 0.00607493 37.8066 0.0271193 0.0389303 -3499.02 92.6107
250821-1304_18_14 4 400 37.7297 23.8846 0.00411733 37.7676 0.0232182 0.314434 -3552.52 94.1568
250821-1304_18_15 4 400 37.7557 23.8371 0.00267261 37.7952 0.0238621 0.11103 -3503.82 92.8022
250821-1304_18_16 4 400 37.7256 23.6993 0.00188982 37.7698 0.0301653 0.201149 -3505.75 92.9272
250821-1304_18_17 4 400 37.7765 24.0243 0.00449868 37.8096 0.0203704 0.20011 -3520.4 93.1901
250821-1304_18_18 4 400 37.7189 23.7914 0.00626783 37.7599 0.0124044 1.03894 -3514.89 93.1865
250821-1304_18_19 4 400 37.7314 23.4863 0.00531395 37.7829 0.0335588 0.0900879 -3495.73 92.6469
250821-1304_18_2 4 400 37.697 23.6714 0.00243975 37.7422 0.0268726 0.185677 -3533.72 93.7396
250821-1304_1_8 4 400 37.754 23.7341 0.00578586 37.797 0.0221702 0.275067 -3500.31 92.7133
250821-1304_18_3 4 400 37.7839 23.95 3.83737e-15 37.8196 0.0252138 0.0534541 -3505.54 92.7785
250821-1304_18_4 4 400 37.7191 23.7114 0.00377964 37.7629 0.0246975 0.101368 -3493.74 92.6256
250821-1304_18_5 4 400 37.7655 23.83 0.00288675 37.8053 0.0289423 0.0797785 -3501.81 92.7247
250821-1304_18_6 4 400 37.7815 24.1614 0.00243975 37.81 0.0201686 0.2102 -3506.34 92.8056
250821-1304_18_7 4 400 37.7324 23.5647 0.00579409 37.7812 0.0299488 0.0549826 -3501.51 92.798
250821-1304_18_8 4 400 37.6784 23.6879 0.00393398 37.723 0.024179 0.0208764 -3502.07 92.9458
250821-1304_18_9 4 400 37.7205 23.7407 0.00449868 37.7633 0.0291154 0.0635191 -3500.3 92.7955
250821-1304_19_0 4 400 37.7482 23.8671 0.00636209 37.7868 0.0278458 0.0945122 -3526.98 93.434
250821-1304_19_10 4 400 37.7052 24.1214 0.00626783 37.7351 0.0156948 0.196479 -3508.73 93.0566
250821-1304_19_11 4 400 37.7653 24.0971 0.00393398 37.796 0.00572246 1.52734 -3531.98 93.5243
250821-1304_19_12 4 400 37.7195 23.9457 0.00345033 37.7554 0.0231423 0.180854 -3504.43 92.9075
250821-1304_19_1 4 400 37.7095 23.7329 0.00393398 37.7526 0.0190056 0.274149 -3481.12 92.3139
250821-1304_19_13 4 400 37.7739 24.23 3.83737e-15 37.8 0.0133464 0.125254 -3507.17 92.8465
250821-1304_19_14 4 400 37.7403 23.8984 0.00734523 37.7777 0.0265623 0.0775004 -3539.82 93.7942
250821-1304_19_15 4 400 37.7598 23.8771 0.00393398 37.798 0.0144308 0.309803 -3505.66 92.841
250821-1304_19_16 4 400 37.7298 23.7036 0.00377964 37.7738 0.0215984 0.131366 -3517.56 93.23
250821-1304_19_17 4 400 37.7746 23.991 0.00331662 37.8089 0.0189347 0.101985 -3516.53 93.0924
250821-1304_19_18 4 400 37.7392 23.8079 0.00393398 37.7798 0.01783 0.847223 -3527.08 93.4592
250821-1304_19_19 4 400 37.7508 23.52 3.83737e-15 37.8011 0.020471 0.495484 -3509.74 92.9708
250821-1304_19_2 4 400 37.672 23.6743 0.00449868 37.7171 0.0175185 0.190677 -3506.16 93.0705
250821-1304_1_9 4 400 37.7515 23.8899 0.00659365 37.7892 0.00807361 1.68913 -3518.52 93.2021
250821-1304_19_3 4 400 37.7103 24.0057 0.00607493 37.7441 0.029993 0.150644 -3508.05 93.0263
250821-1304_19_4 4 400 37.7472 23.7207 0.00449868 37.7907 0.0162629 0.131192 -3505.7 92.873
250821-1304_19_5 4 400 37.7631 23.8757 0.00345033 37.8013 0.0202391 0.143396 -3494.23 92.5302
250821-1304_19_6 4 400 37.7957 24.1779 0.00566947 37.8237 0.0223318 0.133868 -3498.57 92.5651
250821-1304_19_7 4 400 37.7401 23.67 0.0057735 37.7853 0.0230817 0.248048 -3506.33 92.907
250821-1304_19_8 4 400 37.7033 23.6979 0.00393398 37.7475 0.0222807 0.068077 -3502.04 92.8843
250821-1304_19_9 4 400 37.745 23.77 3.83737e-15 37.7868 0.024549 0.225744 -3496.89 92.6447
250821-1304_20_0 4 400 37.7581 23.967 0.0046188 37.7932 0.0279427 0.0813951 -3526.64 93.4003
250821-1304_20_10 4 400 37.7397 24.0936 0.00377964 37.7705 0.0248792 0.067788 -3502.91 92.8176
250821-1304_20_11 4 400 37.7855 24.1121 0.00636209 37.8156 0.0264198 0.0814648 -3523.63 93.2536
250821-1304_20_12 4 400 37.7034 23.9807 0.00188982 37.738 0.0201911 0.323908 -3507.08 93.0175
250821-1304_20_1 4 400 37.7474 23.7411 0.0019518 37.7902 0.0217764 0.158532 -3503.81 92.8225
250821-1304_20_13 4 400 37.748 24.2307 0.00188982 37.7742 0.0221279 0.090295 -3512.33 93.0465
250821-1304_20_14 4 400 37.7531 23.8357 0.00534522 37.7927 0.025026 0.0850368 -3528.31 93.457
250821-1304_20_15 4 400 37.7394 23.8849 0.00501427 37.7773 0.0150266 0.128091 -3506.73 92.9193
250821-1304_20_16 4 400 37.6929 23.6843 0.00345033 37.7376 0.0151734 0.764179 -3493.95 92.6952
250821-1304_20_17 4 400 37.769 23.9989 0.00498092 37.803 0.0118525 0.16021 -3535.99 93.6215
250821-1304_20_18 4 400 37.7312 23.719 0.00763763 37.7747 0.0220442 0.0563477 -3501.81 92.8095
250821-1304_20_19 4 400 37.7634 23.5364 0.00690066 37.8132 0.0168449 0.471749 -3524.05 93.3192
250821-1304_20_2 4 400 37.6654 23.7007 0.00188982 37.7096 0.0263844 0.167801 -3493.48 92.7503
250821-1304_2_0 4 400 37.7443 23.6399 0.00592814 37.7906 0.0261687 0.0541847 -3494.44 92.5818
250821-1304_20_3 4 400 37.6904 24.0179 0.00393398 37.7238 0.0270426 0.0715692 -3498.12 92.8118
250821-1304_20_4 4 400 37.7354 23.8643 0.00449868 37.7741 0.0133772 0.873774 -3511.45 93.0544
250821-1304_20_5 4 400 37.7155 23.8786 0.00243975 37.7537 0.031654 0.0562001 -3487.69 92.4733
250821-1304_20_6 4 400 37.7813 24.1064 0.00690066 37.8117 0.0173988 0.181123 -3518.88 93.1381
250821-1304_20_7 4 400 37.6984 23.6893 0.00607493 37.743 0.0305979 0.111034 -3480.64 92.3278
250821-1304_20_8 4 400 37.6884 23.7314 0.00243975 37.7315 0.0209458 0.295246 -3502.31 92.9277
250821-1304_20_9 4 400 37.7443 23.7779 0.00566947 37.7859 0.0225687 0.183936 -3493.14 92.5469
250821-1304_2_10 4 400 37.7296 23.8629 0.0048795 37.7683 0.0141825 0.971879 -3509.89 93.0274
250821-1304_21_0 4 400 37.7153 23.9783 0.0029277 37.75 0.0301242 0.0938191 -3524.03 93.4375
250821-1304_21_10 4 400 37.7408 24.1057 0.00534522 37.7712 0.0235223 0.111563 -3511.65 93.046
250821-1304_21_11 4 400 37.7873 24.02 0.00288675 37.8206 0.0205985 0.185165 -3519.62 93.143
250821-1304_21_12 4 400 37.7241 23.9883 0.00518698 37.7585 0.0103836 0.568177 -3516.29 93.2107
250821-1304_2_11 4 400 37.7796 23.8264 0.00377964 37.8195 0.0216984 0.294386 -3521.41 93.2092
250821-1304_21_1 4 400 37.7154 23.7843 0.00607493 37.7567 0.0209047 0.137836 -3491.13 92.5652
250821-1304_21_13 4 400 37.7137 23.4836 0.00377964 37.7653 0.0217057 0.203205 -3517.08 93.2572
250821-1304_21_14 4 400 37.7333 23.8486 0.00556349 37.7725 0.0270026 0.0824537 -3531.17 93.582
250821-1304_21_15 4 400 37.718 23.8471 0.00393398 37.7572 0.0181543 0.369158 -3510.93 93.0835
250821-1304_21_16 4 400 37.7183 23.6921 0.0048795 37.7628 0.028393 0.116727 -3518.69 93.2883
250821-1304_21_17 4 400 37.732 24.0763 0.00773982 37.7634 0.0171646 0.302706 -3516.79 93.2044
250821-1304_21_18 4 400 37.7436 23.7329 0.00393398 37.7867 0.0353388 0.0745656 -3508.49 92.9552
250821-1304_21_19 4 400 37.7217 23.5393 0.00534522 37.7714 0.0221587 0.105375 -3487.69 92.4586
250821-1304_2_12 4 400 37.7102 24.0719 0.00609449 37.7417 0.0286704 0.138576 -3507.96 93.0239
250821-1304_21_2 4 400 37.7016 23.7071 0.00267261 37.7456 0.0188828 0.248431 -3509.5 93.0858
250821-1304_2_1 4 400 37.7895 23.989 0.005 37.8238 0.0149027 0.386319 -3526.65 93.3236
250821-1304_2_13 4 400 37.7304 24.035 0.0057735 37.7632 0.0257774 0.137282 -3510.74 93.0479
250821-1304_21_3 4 400 37.7112 23.9864 0.00475595 37.7457 0.017493 0.140619 -3536.79 93.786
250821-1304_2_14 4 400 37.677 23.5171 0.00393398 37.7275 0.00622696 0.692683 -3510.79 93.1813
250821-1304_21_4 4 400 37.7796 23.88 0 37.8177 0.0135776 1.79652 -3515.94 93.0644
250821-1304_2_15 4 400 37.7034 23.9143 0.00449868 37.7403 0.021882 0.0929692 -3514.61 93.2172
250821-1304_21_5 4 400 37.7093 23.9107 0.00188982 37.7463 0.0182451 0.524721 -3503.41 92.9056
250821-1304_2_16 4 400 37.7761 23.9293 0.00672593 37.8125 0.0195278 0.147124 -3532.95 93.523
250821-1304_21_6 4 400 37.7701 24.1193 0.00534522 37.8 0.0122228 0.215434 -3503.78 92.766
250821-1304_2_17 4 400 37.7392 23.7986 0.00475595 37.78 0.0122843 1.22719 -3520.64 93.2889
250821-1304_21_7 4 400 37.7311 23.6277 0.00464451 37.7778 0.025659 0.154995 -3485.96 92.3892
250821-1304_2_18 4 400 37.7024 23.4371 0.0048795 37.7555 0.0291837 0.187777 -3526.9 93.5452
250821-1304_21_8 4 400 37.7444 23.749 0.00695222 37.787 0.0185373 0.190659 -3510.84 93.0159
250821-1304_2_19 4 400 37.7714 23.8043 0.00534522 37.8121 0.0231623 0.179159 -3514.53 93.0468
250821-1304_21_9 4 400 37.7329 23.7586 0.00243975 37.7751 0.0163286 0.538292 -3504.22 92.8691
250821-1304_22_0 4 400 37.6778 23.91 0 37.7149 0.0239285 0.0345863 -3504.31 93.0068
250821-1304_22_10 4 400 37.7247 24.1693 0.00838082 37.7529 0.021781 0.215983 -3502.46 92.8426
250821-1304_22_11 4 400 37.7519 24.0321 0.00393398 37.7848 0.0345379 0.0658805 -3509.21 92.954
250821-1304_22_12 4 400 37.6811 23.9829 0.00393398 37.7157 0.0298406 0.107949 -3492.42 92.6832
250821-1304_22_1 4 400 37.7485 23.8021 0.00755929 37.7892 0.01802 0.242027 -3509.03 92.958
250821-1304_22_13 4 400 37.6846 23.4904 0.00304725 37.7359 0.0199688 0.0627122 -3495.57 92.7585
250821-1304_22_14 4 400 37.7229 23.91 0 37.7599 0.0231655 0.110796 -3532.62 93.6466
250821-1304_22_15 4 400 37.7017 23.8521 0.00393398 37.7407 0.0191185 0.188112 -3507.09 93.0218
250821-1304_22_16 4 400 37.6908 23.7314 0.00377964 37.734 0.0236426 0.129927 -3512.94 93.2035
250821-1304_22_17 4 400 37.7267 24.0907 0.00188982 37.7576 0.0159188 0.21191 -3522.31 93.3637
250821-1304_22_18 4 400 37.7669 23.8386 0.00243975 37.8064 0.0235342 0.107453 -3511.92 92.9888
250821-1304_22_19 4 400 37.7244 23.5486 0.00243975 37.7737 0.0197818 0.0483038 -3497.01 92.6988
250821-1304_22_2 4 400 37.7627 23.6857 0.00449868 37.8074 0.00939458 0.893736 -3513.1 93.0307
250821-1304_2_2 4 400 37.7593 23.9457 0.00607493 37.7952 0.0130009 1.1941 -3513.49 93.0492
250821-1304_22_3 4 400 37.72 23.9961 0.00566947 37.7541 0.0174149 0.537806 -3557.96 94.3254
250821-1304_22_4 4 400 37.7483 23.7907 0.00672593 37.7895 0.0245419 0.0385359 -3505.63 92.8681
250821-1304_22_5 4 400 37.6988 23.9193 0.00345033 37.7355 0.0144185 0.741268 -3510.29 93.1142
250821-1304_22_6 4 400 37.7352 23.1993 0.00188982 37.7964 0.0291221 0.0651789 -3498.73 92.7174
250821-1304_22_7 4 400 37.7191 23.6483 0.0104198 37.765 0.0264999 0.103935 -3494.19 92.6368
250821-1304_22_8 4 400 37.7526 23.724 0.00447214 37.796 0.0172673 0.0780315 -3515.7 93.1253
250821-1304_22_9 4 400 37.7484 23.765 0.00408248 37.7904 0.0295021 0.0734184 -3508.11 92.9338
250821-1304_2_3 4 400 37.7276 23.746 0.004 37.7702 0.0285937 0.141685 -3489.56 92.4931
250821-1304_2_4 4 400 37.8021 24.0207 0.00188982 37.8354 0.0219691 0.162569 -3551.51 93.95
250821-1304_2_5 4 400 37.7104 23.9143 0.00449868 37.7473 0.021742 0.0862199 -3504.33 92.927
250821-1304_2_6 4 400 37.7314 23.95 3.83737e-15 37.7671 0.0115117 0.766783 -3516.44 93.1965
250821-1304_2_7 4 400 37.7118 23.2547 0.0103395 37.7712 0.0324399 0.106436 -3485.87 92.4341
250821-1304_2_8 4 400 37.749 23.735 0.00763763 37.792 0.0296117 0.104172 -3508.09 92.9317
250821-1304_2_9 4 400 37.7436 23.9069 0.00414039 37.7808 0.0241442 0.161837 -3508.43 92.9542
250821-1304_3_0 4 400 37.7506 23.6526 0.00377964 37.7964 0.0344276 0.0718699 -3486.59 92.3581
250821-1304_3_10 4 400 37.7528 23.875 0.005 37.7911 0.0116831 0.633318 -3534.7 93.6274
250821-1304_3_11 4 400 37.7242 23.8021 0.00267261 37.7649 0.0192077 0.199061 -3508.29 92.9984
250821-1304_3_12 4 400 37.7136 24.0893 0.00188982 37.7445 0.0315994 0.105666 -3496.04 92.6994
250821-1304_3_1 4 400 37.7417 23.9663 0.00604743 37.7768 0.0203782 0.151526 -3507.78 92.9418
250821-1304_3_13 4 400 37.7369 23.9976 0.00509435 37.7709 0.0167839 0.173305 -3512.77 93.0861
250821-1304_3_14 4 400 37.6809 23.5207 0.00188982 37.7312 0.0293938 0.066197 -3502.27 92.9449
250821-1304_3_15 4 400 37.8014 23.9927 0.00991151 37.8357 0.00729192 1.07419 -3551.36 93.9477
250821-1304_3_16 4 400 37.7844 23.9443 0.00449868 37.8203 0.0280856 0.26318 -3520.88 93.1831
250821-1304_3_17 4 400 37.7195 23.7936 0.00377964 37.7605 0.0241313 0.169497 -3483.24 92.3457
250821-1304_3_18 4 400 37.6827 23.4486 0.00243975 37.7355 0.0244851 0.0443335 -3513.91 93.2493
250821-1304_3_19 4 400 37.7583 23.8593 0.00731925 37.7971 0.0266073 0.0601103 -3505.95 92.8519
250821-1304_3_2 4 400 37.7782 23.9507 0.00188982 37.8139 0.0186308 0.983866 -3533.29 93.5273
250821-1304_3_3 4 400 37.7587 23.7786 0.00243975 37.8002 0.0109946 0.690237 -3513.6 93.0541
250821-1304_3_4 4 400 37.7458 24.025 0.005 37.779 0.0189709 0.216797 -3542.01 93.8382
250821-1304_3_5 4 400 37.7004 23.8507 0.00672593 37.7395 0.0220803 0.177624 -3498.94 92.809
250821-1304_3_6 4 400 37.7079 23.9621 0.00267261 37.7432 0.0195294 0.173199 -3505.1 92.9541
250821-1304_3_7 4 400 37.7372 23.235 0.00408248 37.7972 0.0153635 0.699039 -3485.83 92.3712
250821-1304_3_8 4 400 37.7304 23.7519 0.0067436 37.7729 0.0138111 0.135725 -3511.16 93.059
250821-1304_3_9 4 400 37.7407 23.8184 0.00756873 37.7808 0.018215 0.0699338 -3500 92.7381
250821-1304_4_0 4 400 37.7416 23.63 0 37.7881 0.0171778 0.69291 -3487.59 92.4068
250821-1304_4_10 4 400 37.7345 23.875 0.00408248 37.7727 0.0166482 0.10935 -3497.97 92.6992
250821-1304_4_11 4 400 37.7102 23.8057 0.00345033 37.7508 0.028646 0.03408 -3498.18 92.7643
250821-1304_4_12 4 400 37.7535 24.1367 0.00512231 37.7829 0.0192151 0.240536 -3515.01 93.104
250821-1304_4_1 4 400 37.7403 23.9786 0.00377964 37.775 0.0140789 0.349307 -3515.68 93.1546
250821-1304_4_13 4 400 37.7694 24.0079 0.00393398 37.8031 0.0187972 0.127083 -3533.27 93.5485
250821-1304_4_14 4 400 37.688 23.5779 0.00636209 37.7363 0.0234035 0.126726 -3507.46 93.0657
250821-1304_4_15 4 400 37.7695 24.0164 0.00626783 37.803 0.0156882 0.499746 -3530.72 93.4804
250821-1304_4_16 4 400 37.7019 24.0436 0.00377964 37.7344 0.0269182 0.138874 -3513.25 93.1845
250821-1304_4_17 4 400 37.7571 23.7986 0.00243975 37.798 0.0174781 0.152677 -3507.9 92.9067
250821-1304_4_18 4 400 37.6988 23.4763 0.00482059 37.7507 0.0199178 0.219302 -3516.52 93.2794
250821-1304_4_19 4 400 37.7436 23.8764 0.00475595 37.7818 0.0289509 0.0742471 -3502.3 92.7917
250821-1304_4_2 4 400 37.7786 23.8607 0.00838082 37.8174 0.0174965 0.248341 -3529.58 93.4277
250821-1304_4_3 4 400 37.7393 23.7936 0.00377964 37.7804 0.0187858 0.144272 -3495.13 92.6123
250821-1304_4_4 4 400 37.6931 23.58 3.83737e-15 37.7414 0.0264515 0.119477 -3518.83 93.3542
250821-1304_4_5 4 400 37.7413 23.8677 0.00631702 37.7798 0.0270343 0.0402067 -3498.81 92.7052
250821-1304_4_6 4 400 37.6833 23.925 0.00408248 37.7198 0.0275378 0.226289 -3511.49 93.1839
250821-1304_4_7 4 400 37.7297 23.2481 0.00425944 37.7893 0.0227455 0.207206 -3521.4 93.3319
250821-1304_4_8 4 400 37.7404 23.8086 0.00626783 37.7809 0.013182 0.238633 -3503.77 92.8385
250821-1304_4_9 4 400 37.7198 23.8379 0.00393398 37.7593 0.0246886 0.059756 -3494.69 92.6482
250821-1304_5_0 4 400 37.7437 23.634 0.00447214 37.7902 0.0236034 0.115838 -3497.53 92.665
250821-1304_5_10 4 400 37.7746 23.88 0 37.8127 0.0232668 0.120852 -3496.22 92.5546
250821-1304_5_11 4 400 37.7147 23.8336 0.00475595 37.7543 0.0257682 0.137237 -3501.72 92.8472
250821-1304_5_12 4 400 37.7601 24.1549 0.00501427 37.7888 0.0161217 0.423616 -3513.37 93.0444
250821-1304_5_1 4 400 37.6987 24.0443 0.00672593 37.7312 0.0176149 0.694095 -3508.84 93.0758
250821-1304_5_13 4 400 37.7406 24.1583 0.0029277 37.7693 0.0119064 0.763637 -3513.79 93.1036
250821-1304_5_14 4 400 37.6837 23.5929 0.00267261 37.7315 0.0236638 0.204673 -3508.9 93.1146
250821-1304_5_15 4 400 37.7569 23.95 3.83737e-15 37.7926 0.0152663 0.337511 -3532.84 93.568
250821-1304_5_16 4 400 37.6999 24.0529 0.00267261 37.7322 0.0268298 0.108966 -3520.64 93.3857
250821-1304_5_17 4 400 37.7711 23.8336 0.00556349 37.8108 0.0200895 0.178249 -3498.69 92.6284
250821-1304_5_18 4 400 37.7166 23.4843 0.00449868 37.7681 0.025261 0.125286 -3493.86 92.6342
250821-1304_5_19 4 400 37.7577 23.8743 0.00534522 37.796 0.0278518 0.115594 -3542.62 93.8247
250821-1304_5_2 4 400 37.7529 23.8793 0.00188982 37.791 0.0344547 0.108982 -3505.89 92.8633
250821-1304_5_3 4 400 37.7353 23.79 0.00288675 37.7764 0.0100079 0.440369 -3504.61 92.8734
250821-1304_5_4 4 400 37.6778 23.5843 0.00534522 37.7259 0.0182378 0.0869845 -3491.99 92.6801
250821-1304_5_5 4 400 37.7426 23.9171 0.00698638 37.7794 0.0182998 0.103585 -3505.65 92.8828
250821-1304_5_6 4 400 37.7298 23.9286 0.00243975 37.7662 0.0186492 0.161474 -3491.88 92.5494
250821-1304_5_7 4 400 37.7089 23.3091 0.00318479 37.7664 0.025016 0.110562 -3496.57 92.7252
250821-1304_5_8 4 400 37.6949 23.8321 0.00906327 37.7346 0.0225553 0.111354 -3501.77 92.8977
250821-1304_5_9 4 400 37.7399 23.9464 0.00556349 37.7757 0.0201364 0.123806 -3496.73 92.6532
250821-1304_6_0 4 400 37.7469 23.6821 0.00267261 37.7917 0.0322604 0.0857167 -3491.36 92.4935
250821-1304_6_10 4 400 37.6759 23.9106 0.00373529 37.713 0.0260471 0.0586776 -3511.76 93.2095
250821-1304_6_11 4 400 37.703 23.84 0 37.7425 0.0347866 0.0655903 -3482.68 92.3708
250821-1304_6_12 4 400 37.7966 24.125 0.00408248 37.8264 0.0219409 0.374491 -3527.04 93.3162
250821-1304_6_1 4 400 37.6796 24.06 0 37.7116 0.0197099 0.0932745 -3497.96 92.8342
250821-1304_6_13 4 400 37.758 24.1636 0.00377964 37.7864 0.0164212 0.778182 -3536.08 93.651
250821-1304_6_14 4 400 37.6754 23.6207 0.00534522 37.7223 0.0140204 0.832172 -3519.15 93.4069
250821-1304_6_15 4 400 37.7585 23.9579 0.0048795 37.794 0.0176573 0.470344 -3533.74 93.5878
250821-1304_6_16 4 400 37.709 23.9814 0.00377964 37.7436 0.0259945 0.143286 -3520.44 93.358
250821-1304_6_17 4 400 37.7767 23.8421 0.00267261 37.8161 0.0212054 0.129474 -3495.59 92.5328
250821-1304_6_18 4 400 37.7008 23.4657 0.00449868 37.7529 0.00728168 0.82913 -3480.18 92.3106
250821-1304_6_19 4 400 37.731 23.88 0 37.7691 0.0142384 0.170028 -3544.55 93.9423
250821-1304_6_2 4 400 37.7661 23.98 3.83737e-15 37.8008 0.0246158 0.239997 -3507.03 92.8617
250821-1304_6_3 4 400 37.7351 23.7979 0.00267261 37.7759 0.015614 0.162388 -3503.01 92.8315
250821-1304_6_4 4 400 37.7426 23.5986 0.00377964 37.7902 0.0255809 0.184835 -3501.46 92.7718
250821-1304_6_5 4 400 37.7592 23.94 0.00645497 37.7952 0.0206149 0.173715 -3517.49 93.1555
250821-1304_6_6 4 400 37.7388 24.0771 0.00636209 37.7702 0.0115567 1.33884 -3501.51 92.7826
250821-1304_6_7 4 400 37.6988 23.3307 0.00786796 37.7556 0.0209668 0.178353 -3505.93 92.9981
250821-1304_6_8 4 400 37.7359 23.7957 0.00607493 37.7769 0.0185757 0.0504048 -3500.44 92.7615
250821-1304_6_9 4 400 37.7102 23.9514 0.00377964 37.7459 0.0278545 0.112238 -3490.4 92.5584
250821-1304_7_0 4 400 37.7492 23.6979 0.00267261 37.7934 0.02567 0.142538 -3491.99 92.5048
250821-1304_7_10 4 400 37.6973 23.9236 0.00556349 37.7339 0.0147929 0.464017 -3516.28 93.2765
250821-1304_7_11 4 400 37.6847 23.8126 0.00377964 37.725 0.00570796 1.08532 -3502.9 92.9528
250821-1304_7_12 4 400 37.7643 24.13 0 37.7938 0.0267261 0.120139 -3511.37 92.9814
250821-1304_7_1 4 400 37.6975 23.9967 0.00512231 37.7316 0.012467 0.18342 -3522.68 93.446
250821-1304_7_13 4 400 37.7336 24.0821 0.0048795 37.7648 0.0261957 0.275561 -3512.79 93.0943
250821-1304_7_14 4 400 37.6945 23.6306 0.00151186 37.7411 0.0116202 1.41548 -3528.37 93.6042
250821-1304_7_15 4 400 37.7154 23.7107 0.00534522 37.7592 0.0260447 0.17842 -3519.13 93.3071
250821-1304_7_16 4 400 37.7005 23.9941 0.00606709 37.7347 0.0339739 0.0963944 -3509.33 93.0842
250821-1304_7_17 4 400 37.7902 23.81 0 37.8307 0.0191628 0.229423 -3516.34 93.049
250821-1304_7_18 4 400 37.7339 23.4777 0.0040708 37.7856 0.0316424 0.0756459 -3494.81 92.6168
250821-1304_7_19 4 400 37.6931 23.9343 0.00607493 37.7293 0.0164234 0.138533 -3521.91 93.4363
250821-1304_7_2 4 400 37.7549 23.9891 0.00318479 37.7893 0.0244025 0.0974981 -3491.62 92.481
250821-1304_7_3 4 400 37.7662 23.8271 0.00698638 37.8061 0.022385 0.156988 -3500.87 92.6983
250821-1304_7_4 4 400 37.6964 23.61 0.005 37.7437 0.0277629 0.0895982 -3489.98 92.5808
250821-1304_7_5 4 400 37.7768 23.9221 0.0048795 37.8134 0.012404 0.228977 -3534.93 93.5741
250821-1304_7_6 4 400 37.767 24.0857 0.00449868 37.7981 0.0157711 0.122937 -3525.45 93.3473
250821-1304_7_7 4 400 37.7073 23.36 0.00763763 37.7631 0.00663405 1.118 -3545.72 94.0326
250821-1304_7_8 4 400 37.751 23.8104 0.00304725 37.7915 0.0226991 0.223578 -3499.17 92.6904
250821-1304_7_9 4 400 37.7412 23.8861 0.00566947 37.779 0.0173902 0.186315 -3497.83 92.6793
250821-1304_8_0 4 400 37.7166 23.7329 0.00393398 37.7597 0.0166355 0.520787 -3485.42 92.4106
250821-1304_8_10 4 400 37.7102 23.8934 0.00506153 37.7478 0.0138623 0.164827 -3517.22 93.2697
250821-1304_8_11 4 400 37.7132 23.8184 0.00489412 37.7533 0.0293211 0.0943233 -3503.2 92.8908
250821-1304_8_12 4 400 37.7591 24.2036 0.00377964 37.7862 0.0226442 0.372522 -3500.82 92.7145
250821-1304_8_1 4 400 37.7057 24.0043 0.00449868 37.7395 0.0262515 0.0834154 -3520.84 93.3771
250821-1304_8_13 4 400 37.7186 24.0921 0.00393398 37.7495 0.0336019 0.0864347 -3496.62 92.7024
250821-1304_8_14 4 400 37.7019 23.6314 0.00377964 37.7485 0.0249046 0.237655 -3508.74 93.0648
250821-1304_8_15 4 400 37.7065 23.7143 0.00345033 37.7502 0.0241953 0.130845 -3512.42 93.1513
250821-1304_8_16 4 400 37.7219 24.055 0.005 37.754 0.0232737 0.126236 -3514.98 93.1814
250821-1304_8_17 4 400 37.7694 23.8111 0.0019518 37.8098 0.0176683 0.273091 -3512.53 92.9993
250821-1304_8_18 4 400 37.7473 23.5293 0.00672593 37.7973 0.0294899 0.184248 -3506.71 92.8996
250821-1304_8_19 4 400 37.6884 23.9536 0.00475595 37.724 0.0254536 0.145903 -3520.42 93.4081
250821-1304_8_2 4 400 37.7723 23.9193 0.00345033 37.809 0.0265683 0.0429153 -3495.29 92.5356
250821-1304_8_3 4 400 37.7666 23.84 0 37.806 0.0251326 0.103402 -3498.81 92.6428
250821-1304_8_4 4 400 37.7313 23.5907 0.00188982 37.7792 0.0160589 1.0684 -3504.77 92.8874
250821-1304_8_5 4 400 37.764 23.9364 0.00377964 37.8001 0.0229156 0.0624543 -3557.98 94.2163
250821-1304_8_6 4 400 37.7373 23.9919 0.00470562 37.7716 0.0227598 0.0701487 -3497.24 92.6729
250821-1304_8_7 4 400 37.6838 23.3777 0.00464451 37.7389 0.0200141 0.310766 -3537.47 93.872
250821-1304_8_8 4 400 37.705 23.494 0.00447214 37.7562 0.028834 0.118036 -3495.07 92.6946
250821-1304_8_9 4 400 37.7316 23.9034 0.00745782 37.7689 0.0266138 0.0334704 -3492.85 92.5712
250821-1304_9_0 4 400 37.7427 23.7453 0.00543796 37.7853 0.0149825 0.818573 -3496.49 92.64
250821-1304_9_10 4 400 37.7278 23.8984 0.0035051 37.7652 0.0220066 0.192075 -3494.08 92.6127
250821-1304_9_11 4 400 37.7157 23.8757 0.00534522 37.7539 0.0251287 0.153175 -3502.08 92.8545
250821-1304_9_12 4 400 37.7079 24.2207 0.00731925 37.7344 0.0243158 0.17914 -3508.23 93.0367
250821-1304_9_1 4 400 37.7257 23.5611 0.0019518 37.7746 0.0354529 0.0844999 -3492.36 92.5717
250821-1304_9_13 4 400 37.7049 24.1943 0.00449868 37.7323 0.029297 0.0430359 -3499.61 92.8151
250821-1304_9_14 4 400 37.716 23.6411 0.00661888 37.7622 0.0237723 0.113097 -3519.01 93.3028
250821-1304_9_15 4 400 37.6853 23.7307 0.00188982 37.7285 0.025245 0.199831 -3499.51 92.8609
250821-1304_9_16 4 400 37.7459 24.0663 0.00482059 37.7776 0.0201887 0.131569 -3528.35 93.4764
250821-1304_9_17 4 400 37.7028 23.9746 0.00411733 37.7376 0.00743654 0.97009 -3508.89 93.067
250821-1304_9_18 4 400 37.7658 23.5486 0.00626783 37.8152 0.0229506 0.0970096 -3499.55 92.6643
250821-1304_9_19 4 400 37.7032 23.91 0 37.7403 0.018799 0.194547 -3531.31 93.6606
250821-1304_9_2 4 400 37.7101 23.9379 0.0048795 37.7462 0.0227857 0.102758 -3496.85 92.7294
250821-1304_9_3 4 400 37.7573 23.81 0 37.7978 0.0164518 0.193599 -3493.76 92.5318
250821-1304_9_4 4 400 37.749 23.5979 0.0048795 37.7967 0.0329618 0.0791472 -3520.35 93.2567
250821-1304_9_5 4 400 37.7449 23.9957 0.00731925 37.7791 0.01129 0.734413 -3565.11 94.4527
250821-1304_9_6 4 400 37.7541 24.0071 0.00698638 37.7878 0.0270894 0.0986882 -3503.7 92.8029
250821-1304_9_7 4 400 37.6444 23.3817 0.00213809 37.6994 0.0201486 0.0991595 -3488.6 92.6723
250821-1304_9_8 4 400 37.7112 23.5021 0.00393398 37.7621 0.0294301 0.0878978 -3495.48 92.6905
250821-1304_9_9 4 400 37.7431 23.9621 0.00566947 37.7784 0.0245892 0.0743791 -3502.03 92.7853
